1:
+------------+------------+------------+------------+---+---+------------+------------+------------+------------+------------+
|     0      |     1      |     2      |     3      | 4 | 5 |     6      |     7      |     8      |     9      |     10     |
+------------+------------+------------+------------+---+---+------------+------------+------------+------------+------------+
| 1061109567 | 1061109567 | 1061109567 | 1061109567 | 0 | 0 | 1061109567 | 1061109567 | 1061109567 | 1061109567 | 1061109567 |
+------------+------------+------------+------------+---+---+------------+------------+------------+------------+------------+

2:
+------------+------------+------------+------------+------------+------------+------------+------------+------------+---+----+
|     0      |     1      |     2      |     3      |     4      |     5      |     6      |     7      |     8      | 9 | 10 |
+------------+------------+------------+------------+------------+------------+------------+------------+------------+---+----+
| 1061109567 | 1061109567 | 1061109567 | 1061109567 | 1061109567 | 1061109567 | 1061109567 | 1061109567 | 1061109567 | 1 | 1  |
+------------+------------+------------+------------+------------+------------+------------+------------+------------+---+----+

3:
+------------+------------+------------+------------+------------+---+---+------------+------------+------------+------------+
|     0      |     1      |     2      |     3      |     4      | 5 | 6 |     7      |     8      |     9      |     10     |
+------------+------------+------------+------------+------------+---+---+------------+------------+------------+------------+
| 1061109567 | 1061109567 | 1061109567 | 1061109567 | 1061109567 | 1 | 1 | 1061109567 | 1061109567 | 1061109567 | 1061109567 |
+------------+------------+------------+------------+------------+---+---+------------+------------+------------+------------+

4:
+------------+------------+------------+------------+------------+------------+---+---+------------+------------+------------+
|     0      |     1      |     2      |     3      |     4      |     5      | 6 | 7 |     8      |     9      |     10     |
+------------+------------+------------+------------+------------+------------+---+---+------------+------------+------------+
| 1061109567 | 1061109567 | 1061109567 | 1061109567 | 1061109567 | 1061109567 | 2 | 2 | 1061109567 | 1061109567 | 1061109567 |
+------------+------------+------------+------------+------------+------------+---+---+------------+------------+------------+

5:
+------------+------------+------------+------------+------------+------------+------------+------------+------------+------------+----+
|     0      |     1      |     2      |     3      |     4      |     5      |     6      |     7      |     8      |     9      | 10 |
+------------+------------+------------+------------+------------+------------+------------+------------+------------+------------+----+
| 1061109567 | 1061109567 | 1061109567 | 1061109567 | 1061109567 | 1061109567 | 1061109567 | 1061109567 | 1061109567 | 1061109567 | 3  |
+------------+------------+------------+------------+------------+------------+------------+------------+------------+------------+----+

6:
+------------+------------+------------+------------+------------+------------+------------+------------+------------+------------+----+
|     0      |     1      |     2      |     3      |     4      |     5      |     6      |     7      |     8      |     9      | 10 |
+------------+------------+------------+------------+------------+------------+------------+------------+------------+------------+----+
| 1061109567 | 1061109567 | 1061109567 | 1061109567 | 1061109567 | 1061109567 | 1061109567 | 1061109567 | 1061109567 | 1061109567 | 3  |
+------------+------------+------------+------------+------------+------------+------------+------------+------------+------------+----+

1
3