1:
+---+------------+------------+------------+---+---+------------+------------+------------+------------+------------+
| 0 |     1      |     2      |     3      | 4 | 5 |     6      |     7      |     8      |     9      |     10     |
+---+------------+------------+------------+---+---+------------+------------+------------+------------+------------+
| 0 | 1000000000 | 1000000000 | 1000000000 | 0 | 0 | 1000000000 | 1000000000 | 1000000000 | 1000000000 | 1000000000 |
+---+------------+------------+------------+---+---+------------+------------+------------+------------+------------+

2:
+---+------------+------------+------------+------------+------------+------------+------------+------------+---+----+
| 0 |     1      |     2      |     3      |     4      |     5      |     6      |     7      |     8      | 9 | 10 |
+---+------------+------------+------------+------------+------------+------------+------------+------------+---+----+
| 0 | 1000000000 | 1000000000 | 1000000000 | 1000000000 | 1000000000 | 1000000000 | 1000000000 | 1000000000 | 1 | 1  |
+---+------------+------------+------------+------------+------------+------------+------------+------------+---+----+

3:
+---+------------+------------+------------+------------+---+---+------------+------------+------------+------------+
| 0 |     1      |     2      |     3      |     4      | 5 | 6 |     7      |     8      |     9      |     10     |
+---+------------+------------+------------+------------+---+---+------------+------------+------------+------------+
| 0 | 1000000000 | 1000000000 | 1000000000 | 1000000000 | 1 | 1 | 1000000000 | 1000000000 | 1000000000 | 1000000000 |
+---+------------+------------+------------+------------+---+---+------------+------------+------------+------------+

4:
+---+------------+------------+------------+------------+------------+---+---+------------+------------+------------+
| 0 |     1      |     2      |     3      |     4      |     5      | 6 | 7 |     8      |     9      |     10     |
+---+------------+------------+------------+------------+------------+---+---+------------+------------+------------+
| 0 | 1000000000 | 1000000000 | 1000000000 | 1000000000 | 1000000000 | 2 | 2 | 1000000000 | 1000000000 | 1000000000 |
+---+------------+------------+------------+------------+------------+---+---+------------+------------+------------+

5:
+---+------------+------------+------------+------------+------------+------------+------------+------------+------------+----+
| 0 |     1      |     2      |     3      |     4      |     5      |     6      |     7      |     8      |     9      | 10 |
+---+------------+------------+------------+------------+------------+------------+------------+------------+------------+----+
| 0 | 1000000000 | 1000000000 | 1000000000 | 1000000000 | 1000000000 | 1000000000 | 1000000000 | 1000000000 | 1000000000 | 3  |
+---+------------+------------+------------+------------+------------+------------+------------+------------+------------+----+

6:
+---+------------+------------+------------+------------+------------+------------+------------+------------+------------+----+
| 0 |     1      |     2      |     3      |     4      |     5      |     6      |     7      |     8      |     9      | 10 |
+---+------------+------------+------------+------------+------------+------------+------------+------------+------------+----+
| 0 | 1000000000 | 1000000000 | 1000000000 | 1000000000 | 1000000000 | 1000000000 | 1000000000 | 1000000000 | 1000000000 | 4  |
+---+------------+------------+------------+------------+------------+------------+------------+------------+------------+----+

1
4