2 36 46 63 78 98 
====================
29 45 54 56 70 74  ==> 1563  <=======
29 45 54 56 74 70  ==> 1723 
29 45 54 70 56 74  ==> 1983 
29 45 54 70 74 56  ==> 2703 
29 45 54 74 56 70  ==> 2263 
29 45 54 74 70 56  ==> 2823 
29 45 56 54 70 74  ==> 1631 
29 45 56 54 74 70  ==> 1791 
29 45 56 70 54 74  ==> 2111 
29 45 56 70 74 54  ==> 2911 
29 45 56 74 54 70  ==> 2391 
29 45 56 74 70 54  ==> 3031 
29 45 70 54 56 74  ==> 2527 
29 45 70 54 74 56  ==> 3247 
29 45 70 56 54 74  ==> 2587 
29 45 70 56 74 54  ==> 3387 
29 45 70 74 54 56  ==> 3847 
29 45 70 74 56 54  ==> 3927 
29 45 74 54 56 70  ==> 2943 
29 45 74 54 70 56  ==> 3503 
29 45 74 56 54 70  ==> 3003 
29 45 74 56 70 54  ==> 3643 
29 45 74 70 54 56  ==> 3983 
29 45 74 70 56 54  ==> 4063 
29 54 45 56 70 74  ==> 1743 
29 54 45 56 74 70  ==> 1903 
29 54 45 70 56 74  ==> 2163 
29 54 45 70 74 56  ==> 2883 
29 54 45 74 56 70  ==> 2443 
29 54 45 74 70 56  ==> 3003 
29 54 56 45 70 74  ==> 2117 
29 54 56 45 74 70  ==> 2277 
29 54 56 70 45 74  ==> 2867 
29 54 56 70 74 45  ==> 4027 
29 54 56 74 45 70  ==> 3147 
29 54 56 74 70 45  ==> 4147 
29 54 70 45 56 74  ==> 3013 
29 54 70 45 74 56  ==> 3733 
29 54 70 56 45 74  ==> 3343 
29 54 70 56 74 45  ==> 4503 
29 54 70 74 45 56  ==> 4603 
29 54 70 74 56 45  ==> 5043 
29 54 74 45 56 70  ==> 3429 
29 54 74 45 70 56  ==> 3989 
29 54 74 56 45 70  ==> 3759 
29 54 74 56 70 45  ==> 4759 
29 54 74 70 45 56  ==> 4739 
29 54 74 70 56 45  ==> 5179 
29 56 45 54 70 74  ==> 1851 
29 56 45 54 74 70  ==> 2011 
29 56 45 70 54 74  ==> 2331 
29 56 45 70 74 54  ==> 3131 
29 56 45 74 54 70  ==> 2611 
29 56 45 74 70 54  ==> 3251 
29 56 54 45 70 74  ==> 2157 
29 56 54 45 74 70  ==> 2317 
29 56 54 70 45 74  ==> 2907 
29 56 54 70 74 45  ==> 4067 
29 56 54 74 45 70  ==> 3187 
29 56 54 74 70 45  ==> 4187 
29 56 70 45 54 74  ==> 3181 
29 56 70 45 74 54  ==> 3981 
29 56 70 54 45 74  ==> 3451 
29 56 70 54 74 45  ==> 4611 
29 56 70 74 45 54  ==> 4851 
29 56 70 74 54 45  ==> 5211 
29 56 74 45 54 70  ==> 3597 
29 56 74 45 70 54  ==> 4237 
29 56 74 54 45 70  ==> 3867 
29 56 74 54 70 45  ==> 4867 
29 56 74 70 45 54  ==> 4987 
29 56 74 70 54 45  ==> 5347 
29 70 45 54 56 74  ==> 3027 
29 70 45 54 74 56  ==> 3747 
29 70 45 56 54 74  ==> 3087 
29 70 45 56 74 54  ==> 3887 
29 70 45 74 54 56  ==> 4347 
29 70 45 74 56 54  ==> 4427 
29 70 54 45 56 74  ==> 3333 
29 70 54 45 74 56  ==> 4053 
29 70 54 56 45 74  ==> 3663 
29 70 54 56 74 45  ==> 4823 
29 70 54 74 45 56  ==> 4923 
29 70 54 74 56 45  ==> 5363 
29 70 56 45 54 74  ==> 3461 
29 70 56 45 74 54  ==> 4261 
29 70 56 54 45 74  ==> 3731 
29 70 56 54 74 45  ==> 4891 
29 70 56 74 45 54  ==> 5131 
29 70 56 74 54 45  ==> 5491 
29 70 74 45 54 56  ==> 5333 
29 70 74 45 56 54  ==> 5413 
29 70 74 54 45 56  ==> 5603 
29 70 74 54 56 45  ==> 6043 
29 70 74 56 45 54  ==> 5743 
29 70 74 56 54 45  ==> 6103 
29 74 45 54 56 70  ==> 3523 
29 74 45 54 70 56  ==> 4083 
29 74 45 56 54 70  ==> 3583 
29 74 45 56 70 54  ==> 4223 
29 74 45 70 54 56  ==> 4563 
29 74 45 70 56 54  ==> 4643 
29 74 54 45 56 70  ==> 3829 
29 74 54 45 70 56  ==> 4389 
29 74 54 56 45 70  ==> 4159 
29 74 54 56 70 45  ==> 5159 
29 74 54 70 45 56  ==> 5139 
29 74 54 70 56 45  ==> 5579 
29 74 56 45 54 70  ==> 3957 
29 74 56 45 70 54  ==> 4597 
29 74 56 54 45 70  ==> 4227 
29 74 56 54 70 45  ==> 5227 
29 74 56 70 45 54  ==> 5347 
29 74 56 70 54 45  ==> 5707 
29 74 70 45 54 56  ==> 5413 
29 74 70 45 56 54  ==> 5493 
29 74 70 54 45 56  ==> 5683 
29 74 70 54 56 45  ==> 6123 
29 74 70 56 45 54  ==> 5823 
29 74 70 56 54 45  ==> 6183 
45 29 54 56 70 74  ==> 2651 
45 29 54 56 74 70  ==> 2811 
45 29 54 70 56 74  ==> 3071 
45 29 54 70 74 56  ==> 3791 
45 29 54 74 56 70  ==> 3351 
45 29 54 74 70 56  ==> 3911 
45 29 56 54 70 74  ==> 2719 
45 29 56 54 74 70  ==> 2879 
45 29 56 70 54 74  ==> 3199 
45 29 56 70 74 54  ==> 3999 
45 29 56 74 54 70  ==> 3479 
45 29 56 74 70 54  ==> 4119 
45 29 70 54 56 74  ==> 3615 
45 29 70 54 74 56  ==> 4335 
45 29 70 56 54 74  ==> 3675 
45 29 70 56 74 54  ==> 4475 
45 29 70 74 54 56  ==> 4935 
45 29 70 74 56 54  ==> 5015 
45 29 74 54 56 70  ==> 4031 
45 29 74 54 70 56  ==> 4591 
45 29 74 56 54 70  ==> 4091 
45 29 74 56 70 54  ==> 4731 
45 29 74 70 54 56  ==> 5071 
45 29 74 70 56 54  ==> 5151 
45 54 29 56 70 74  ==> 3151 
45 54 29 56 74 70  ==> 3311 
45 54 29 70 56 74  ==> 3571 
45 54 29 70 74 56  ==> 4291 
45 54 29 74 56 70  ==> 3851 
45 54 29 74 70 56  ==> 4411 
45 54 56 29 70 74  ==> 4069 
45 54 56 29 74 70  ==> 4229 
45 54 56 70 29 74  ==> 5299 
45 54 56 70 74 29  ==> 7099 
45 54 56 74 29 70  ==> 5579 
45 54 56 74 70 29  ==> 7219 
45 54 70 29 56 74  ==> 4965 
45 54 70 29 74 56  ==> 5685 
45 54 70 56 29 74  ==> 5775 
45 54 70 56 74 29  ==> 7575 
45 54 70 74 29 56  ==> 7035 
45 54 70 74 56 29  ==> 8115 
45 54 74 29 56 70  ==> 5381 
45 54 74 29 70 56  ==> 5941 
45 54 74 56 29 70  ==> 6191 
45 54 74 56 70 29  ==> 7831 
45 54 74 70 29 56  ==> 7171 
45 54 74 70 56 29  ==> 8251 
45 56 29 54 70 74  ==> 3259 
45 56 29 54 74 70  ==> 3419 
45 56 29 70 54 74  ==> 3739 
45 56 29 70 74 54  ==> 4539 
45 56 29 74 54 70  ==> 4019 
45 56 29 74 70 54  ==> 4659 
45 56 54 29 70 74  ==> 4109 
45 56 54 29 74 70  ==> 4269 
45 56 54 70 29 74  ==> 5339 
45 56 54 70 74 29  ==> 7139 
45 56 54 74 29 70  ==> 5619 
45 56 54 74 70 29  ==> 7259 
45 56 70 29 54 74  ==> 5133 
45 56 70 29 74 54  ==> 5933 
45 56 70 54 29 74  ==> 5883 
45 56 70 54 74 29  ==> 7683 
45 56 70 74 29 54  ==> 7283 
45 56 70 74 54 29  ==> 8283 
45 56 74 29 54 70  ==> 5549 
45 56 74 29 70 54  ==> 6189 
45 56 74 54 29 70  ==> 6299 
45 56 74 54 70 29  ==> 7939 
45 56 74 70 29 54  ==> 7419 
45 56 74 70 54 29  ==> 8419 
45 70 29 54 56 74  ==> 4435 
45 70 29 54 74 56  ==> 5155 
45 70 29 56 54 74  ==> 4495 
45 70 29 56 74 54  ==> 5295 
45 70 29 74 54 56  ==> 5755 
45 70 29 74 56 54  ==> 5835 
45 70 54 29 56 74  ==> 5285 
45 70 54 29 74 56  ==> 6005 
45 70 54 56 29 74  ==> 6095 
45 70 54 56 74 29  ==> 7895 
45 70 54 74 29 56  ==> 7355 
45 70 54 74 56 29  ==> 8435 
45 70 56 29 54 74  ==> 5413 
45 70 56 29 74 54  ==> 6213 
45 70 56 54 29 74  ==> 6163 
45 70 56 54 74 29  ==> 7963 
45 70 56 74 29 54  ==> 7563 
45 70 56 74 54 29  ==> 8563 
45 70 74 29 54 56  ==> 7285 
45 70 74 29 56 54  ==> 7365 
45 70 74 54 29 56  ==> 8035 
45 70 74 54 56 29  ==> 9115 
45 70 74 56 29 54  ==> 8175 
45 70 74 56 54 29  ==> 9175 
45 74 29 54 56 70  ==> 4931 
45 74 29 54 70 56  ==> 5491 
45 74 29 56 54 70  ==> 4991 
45 74 29 56 70 54  ==> 5631 
45 74 29 70 54 56  ==> 5971 
45 74 29 70 56 54  ==> 6051 
45 74 54 29 56 70  ==> 5781 
45 74 54 29 70 56  ==> 6341 
45 74 54 56 29 70  ==> 6591 
45 74 54 56 70 29  ==> 8231 
45 74 54 70 29 56  ==> 7571 
45 74 54 70 56 29  ==> 8651 
45 74 56 29 54 70  ==> 5909 
45 74 56 29 70 54  ==> 6549 
45 74 56 54 29 70  ==> 6659 
45 74 56 54 70 29  ==> 8299 
45 74 56 70 29 54  ==> 7779 
45 74 56 70 54 29  ==> 8779 
45 74 70 29 54 56  ==> 7365 
45 74 70 29 56 54  ==> 7445 
45 74 70 54 29 56  ==> 8115 
45 74 70 54 56 29  ==> 9195 
45 74 70 56 29 54  ==> 8255 
45 74 70 56 54 29  ==> 9255 
54 29 45 56 70 74  ==> 3443 
54 29 45 56 74 70  ==> 3603 
54 29 45 70 56 74  ==> 3863 
54 29 45 70 74 56  ==> 4583 
54 29 45 74 56 70  ==> 4143 
54 29 45 74 70 56  ==> 4703 
54 29 56 45 70 74  ==> 3817 
54 29 56 45 74 70  ==> 3977 
54 29 56 70 45 74  ==> 4567 
54 29 56 70 74 45  ==> 5727 
54 29 56 74 45 70  ==> 4847 
54 29 56 74 70 45  ==> 5847 
54 29 70 45 56 74  ==> 4713 
54 29 70 45 74 56  ==> 5433 
54 29 70 56 45 74  ==> 5043 
54 29 70 56 74 45  ==> 6203 
54 29 70 74 45 56  ==> 6303 
54 29 70 74 56 45  ==> 6743 
54 29 74 45 56 70  ==> 5129 
54 29 74 45 70 56  ==> 5689 
54 29 74 56 45 70  ==> 5459 
54 29 74 56 70 45  ==> 6459 
54 29 74 70 45 56  ==> 6439 
54 29 74 70 56 45  ==> 6879 
54 45 29 56 70 74  ==> 3763 
54 45 29 56 74 70  ==> 3923 
54 45 29 70 56 74  ==> 4183 
54 45 29 70 74 56  ==> 4903 
54 45 29 74 56 70  ==> 4463 
54 45 29 74 70 56  ==> 5023 
54 45 56 29 70 74  ==> 4681 
54 45 56 29 74 70  ==> 4841 
54 45 56 70 29 74  ==> 5911 
54 45 56 70 74 29  ==> 7711 
54 45 56 74 29 70  ==> 6191 
54 45 56 74 70 29  ==> 7831 
54 45 70 29 56 74  ==> 5577 
54 45 70 29 74 56  ==> 6297 
54 45 70 56 29 74  ==> 6387 
54 45 70 56 74 29  ==> 8187 
54 45 70 74 29 56  ==> 7647 
54 45 70 74 56 29  ==> 8727 
54 45 74 29 56 70  ==> 5993 
54 45 74 29 70 56  ==> 6553 
54 45 74 56 29 70  ==> 6803 
54 45 74 56 70 29  ==> 8443 
54 45 74 70 29 56  ==> 7783 
54 45 74 70 56 29  ==> 8863 
54 56 29 45 70 74  ==> 4357 
54 56 29 45 74 70  ==> 4517 
54 56 29 70 45 74  ==> 5107 
54 56 29 70 74 45  ==> 6267 
54 56 29 74 45 70  ==> 5387 
54 56 29 74 70 45  ==> 6387 
54 56 45 29 70 74  ==> 4901 
54 56 45 29 74 70  ==> 5061 
54 56 45 70 29 74  ==> 6131 
54 56 45 70 74 29  ==> 7931 
54 56 45 74 29 70  ==> 6411 
54 56 45 74 70 29  ==> 8051 
54 56 70 29 45 74  ==> 6501 
54 56 70 29 74 45  ==> 7661 
54 56 70 45 29 74  ==> 6981 
54 56 70 45 74 29  ==> 8781 
54 56 70 74 29 45  ==> 9011 
54 56 70 74 45 29  ==> 9651 
54 56 74 29 45 70  ==> 6917 
54 56 74 29 70 45  ==> 7917 
54 56 74 45 29 70  ==> 7397 
54 56 74 45 70 29  ==> 9037 
54 56 74 70 29 45  ==> 9147 
54 56 74 70 45 29  ==> 9787 
54 70 29 45 56 74  ==> 5533 
54 70 29 45 74 56  ==> 6253 
54 70 29 56 45 74  ==> 5863 
54 70 29 56 74 45  ==> 7023 
54 70 29 74 45 56  ==> 7123 
54 70 29 74 56 45  ==> 7563 
54 70 45 29 56 74  ==> 6077 
54 70 45 29 74 56  ==> 6797 
54 70 45 56 29 74  ==> 6887 
54 70 45 56 74 29  ==> 8687 
54 70 45 74 29 56  ==> 8147 
54 70 45 74 56 29  ==> 9227 
54 70 56 29 45 74  ==> 6781 
54 70 56 29 74 45  ==> 7941 
54 70 56 45 29 74  ==> 7261 
54 70 56 45 74 29  ==> 9061 
54 70 56 74 29 45  ==> 9291 
54 70 56 74 45 29  ==> 9931 
54 70 74 29 45 56  ==> 8653 
54 70 74 29 56 45  ==> 9093 
54 70 74 45 29 56  ==> 9133 
54 70 74 45 56 29  ==> 10213 
54 70 74 56 29 45  ==> 9903 
54 70 74 56 45 29  ==> 10543 
54 74 29 45 56 70  ==> 6029 
54 74 29 45 70 56  ==> 6589 
54 74 29 56 45 70  ==> 6359 
54 74 29 56 70 45  ==> 7359 
54 74 29 70 45 56  ==> 7339 
54 74 29 70 56 45  ==> 7779 
54 74 45 29 56 70  ==> 6573 
54 74 45 29 70 56  ==> 7133 
54 74 45 56 29 70  ==> 7383 
54 74 45 56 70 29  ==> 9023 
54 74 45 70 29 56  ==> 8363 
54 74 45 70 56 29  ==> 9443 
54 74 56 29 45 70  ==> 7277 
54 74 56 29 70 45  ==> 8277 
54 74 56 45 29 70  ==> 7757 
54 74 56 45 70 29  ==> 9397 
54 74 56 70 29 45  ==> 9507 
54 74 56 70 45 29  ==> 10147 
54 74 70 29 45 56  ==> 8733 
54 74 70 29 56 45  ==> 9173 
54 74 70 45 29 56  ==> 9213 
54 74 70 45 56 29  ==> 10293 
54 74 70 56 29 45  ==> 9983 
54 74 70 56 45 29  ==> 10623 
56 29 45 54 70 74  ==> 3687 
56 29 45 54 74 70  ==> 3847 
56 29 45 70 54 74  ==> 4167 
56 29 45 70 74 54  ==> 4967 
56 29 45 74 54 70  ==> 4447 
56 29 45 74 70 54  ==> 5087 
56 29 54 45 70 74  ==> 3993 
56 29 54 45 74 70  ==> 4153 
56 29 54 70 45 74  ==> 4743 
56 29 54 70 74 45  ==> 5903 
56 29 54 74 45 70  ==> 5023 
56 29 54 74 70 45  ==> 6023 
56 29 70 45 54 74  ==> 5017 
56 29 70 45 74 54  ==> 5817 
56 29 70 54 45 74  ==> 5287 
56 29 70 54 74 45  ==> 6447 
56 29 70 74 45 54  ==> 6687 
56 29 70 74 54 45  ==> 7047 
56 29 74 45 54 70  ==> 5433 
56 29 74 45 70 54  ==> 6073 
56 29 74 54 45 70  ==> 5703 
56 29 74 54 70 45  ==> 6703 
56 29 74 70 45 54  ==> 6823 
56 29 74 70 54 45  ==> 7183 
56 45 29 54 70 74  ==> 4007 
56 45 29 54 74 70  ==> 4167 
56 45 29 70 54 74  ==> 4487 
56 45 29 70 74 54  ==> 5287 
56 45 29 74 54 70  ==> 4767 
56 45 29 74 70 54  ==> 5407 
56 45 54 29 70 74  ==> 4857 
56 45 54 29 74 70  ==> 5017 
56 45 54 70 29 74  ==> 6087 
56 45 54 70 74 29  ==> 7887 
56 45 54 74 29 70  ==> 6367 
56 45 54 74 70 29  ==> 8007 
56 45 70 29 54 74  ==> 5881 
56 45 70 29 74 54  ==> 6681 
56 45 70 54 29 74  ==> 6631 
56 45 70 54 74 29  ==> 8431 
56 45 70 74 29 54  ==> 8031 
56 45 70 74 54 29  ==> 9031 
56 45 74 29 54 70  ==> 6297 
56 45 74 29 70 54  ==> 6937 
56 45 74 54 29 70  ==> 7047 
56 45 74 54 70 29  ==> 8687 
56 45 74 70 29 54  ==> 8167 
56 45 74 70 54 29  ==> 9167 
56 54 29 45 70 74  ==> 4493 
56 54 29 45 74 70  ==> 4653 
56 54 29 70 45 74  ==> 5243 
56 54 29 70 74 45  ==> 6403 
56 54 29 74 45 70  ==> 5523 
56 54 29 74 70 45  ==> 6523 
56 54 45 29 70 74  ==> 5037 
56 54 45 29 74 70  ==> 5197 
56 54 45 70 29 74  ==> 6267 
56 54 45 70 74 29  ==> 8067 
56 54 45 74 29 70  ==> 6547 
56 54 45 74 70 29  ==> 8187 
56 54 70 29 45 74  ==> 6637 
56 54 70 29 74 45  ==> 7797 
56 54 70 45 29 74  ==> 7117 
56 54 70 45 74 29  ==> 8917 
56 54 70 74 29 45  ==> 9147 
56 54 70 74 45 29  ==> 9787 
56 54 74 29 45 70  ==> 7053 
56 54 74 29 70 45  ==> 8053 
56 54 74 45 29 70  ==> 7533 
56 54 74 45 70 29  ==> 9173 
56 54 74 70 29 45  ==> 9283 
56 54 74 70 45 29  ==> 9923 
56 70 29 45 54 74  ==> 5837 
56 70 29 45 74 54  ==> 6637 
56 70 29 54 45 74  ==> 6107 
56 70 29 54 74 45  ==> 7267 
56 70 29 74 45 54  ==> 7507 
56 70 29 74 54 45  ==> 7867 
56 70 45 29 54 74  ==> 6381 
56 70 45 29 74 54  ==> 7181 
56 70 45 54 29 74  ==> 7131 
56 70 45 54 74 29  ==> 8931 
56 70 45 74 29 54  ==> 8531 
56 70 45 74 54 29  ==> 9531 
56 70 54 29 45 74  ==> 6957 
56 70 54 29 74 45  ==> 8117 
56 70 54 45 29 74  ==> 7437 
56 70 54 45 74 29  ==> 9237 
56 70 54 74 29 45  ==> 9467 
56 70 54 74 45 29  ==> 10107 
56 70 74 29 45 54  ==> 9037 
56 70 74 29 54 45  ==> 9397 
56 70 74 45 29 54  ==> 9517 
56 70 74 45 54 29  ==> 10517 
56 70 74 54 29 45  ==> 10147 
56 70 74 54 45 29  ==> 10787 
56 74 29 45 54 70  ==> 6333 
56 74 29 45 70 54  ==> 6973 
56 74 29 54 45 70  ==> 6603 
56 74 29 54 70 45  ==> 7603 
56 74 29 70 45 54  ==> 7723 
56 74 29 70 54 45  ==> 8083 
56 74 45 29 54 70  ==> 6877 
56 74 45 29 70 54  ==> 7517 
56 74 45 54 29 70  ==> 7627 
56 74 45 54 70 29  ==> 9267 
56 74 45 70 29 54  ==> 8747 
56 74 45 70 54 29  ==> 9747 
56 74 54 29 45 70  ==> 7453 
56 74 54 29 70 45  ==> 8453 
56 74 54 45 29 70  ==> 7933 
56 74 54 45 70 29  ==> 9573 
56 74 54 70 29 45  ==> 9683 
56 74 54 70 45 29  ==> 10323 
56 74 70 29 45 54  ==> 9117 
56 74 70 29 54 45  ==> 9477 
56 74 70 45 29 54  ==> 9597 
56 74 70 45 54 29  ==> 10597 
56 74 70 54 29 45  ==> 10227 
56 74 70 54 45 29  ==> 10867 
70 29 45 54 56 74  ==> 5815 
70 29 45 54 74 56  ==> 6535 
70 29 45 56 54 74  ==> 5875 
70 29 45 56 74 54  ==> 6675 
70 29 45 74 54 56  ==> 7135 
70 29 45 74 56 54  ==> 7215 
70 29 54 45 56 74  ==> 6121 
70 29 54 45 74 56  ==> 6841 
70 29 54 56 45 74  ==> 6451 
70 29 54 56 74 45  ==> 7611 
70 29 54 74 45 56  ==> 7711 
70 29 54 74 56 45  ==> 8151 
70 29 56 45 54 74  ==> 6249 
70 29 56 45 74 54  ==> 7049 
70 29 56 54 45 74  ==> 6519 
70 29 56 54 74 45  ==> 7679 
70 29 56 74 45 54  ==> 7919 
70 29 56 74 54 45  ==> 8279 
70 29 74 45 54 56  ==> 8121 
70 29 74 45 56 54  ==> 8201 
70 29 74 54 45 56  ==> 8391 
70 29 74 54 56 45  ==> 8831 
70 29 74 56 45 54  ==> 8531 
70 29 74 56 54 45  ==> 8891 
70 45 29 54 56 74  ==> 6135 
70 45 29 54 74 56  ==> 6855 
70 45 29 56 54 74  ==> 6195 
70 45 29 56 74 54  ==> 6995 
70 45 29 74 54 56  ==> 7455 
70 45 29 74 56 54  ==> 7535 
70 45 54 29 56 74  ==> 6985 
70 45 54 29 74 56  ==> 7705 
70 45 54 56 29 74  ==> 7795 
70 45 54 56 74 29  ==> 9595 
70 45 54 74 29 56  ==> 9055 
70 45 54 74 56 29  ==> 10135 
70 45 56 29 54 74  ==> 7113 
70 45 56 29 74 54  ==> 7913 
70 45 56 54 29 74  ==> 7863 
70 45 56 54 74 29  ==> 9663 
70 45 56 74 29 54  ==> 9263 
70 45 56 74 54 29  ==> 10263 
70 45 74 29 54 56  ==> 8985 
70 45 74 29 56 54  ==> 9065 
70 45 74 54 29 56  ==> 9735 
70 45 74 54 56 29  ==> 10815 
70 45 74 56 29 54  ==> 9875 
70 45 74 56 54 29  ==> 10875 
70 54 29 45 56 74  ==> 6621 
70 54 29 45 74 56  ==> 7341 
70 54 29 56 45 74  ==> 6951 
70 54 29 56 74 45  ==> 8111 
70 54 29 74 45 56  ==> 8211 
70 54 29 74 56 45  ==> 8651 
70 54 45 29 56 74  ==> 7165 
70 54 45 29 74 56  ==> 7885 
70 54 45 56 29 74  ==> 7975 
70 54 45 56 74 29  ==> 9775 
70 54 45 74 29 56  ==> 9235 
70 54 45 74 56 29  ==> 10315 
70 54 56 29 45 74  ==> 7869 
70 54 56 29 74 45  ==> 9029 
70 54 56 45 29 74  ==> 8349 
70 54 56 45 74 29  ==> 10149 
70 54 56 74 29 45  ==> 10379 
70 54 56 74 45 29  ==> 11019 
70 54 74 29 45 56  ==> 9741 
70 54 74 29 56 45  ==> 10181 
70 54 74 45 29 56  ==> 10221 
70 54 74 45 56 29  ==> 11301 
70 54 74 56 29 45  ==> 10991 
70 54 74 56 45 29  ==> 11631 
70 56 29 45 54 74  ==> 6789 
70 56 29 45 74 54  ==> 7589 
70 56 29 54 45 74  ==> 7059 
70 56 29 54 74 45  ==> 8219 
70 56 29 74 45 54  ==> 8459 
70 56 29 74 54 45  ==> 8819 
70 56 45 29 54 74  ==> 7333 
70 56 45 29 74 54  ==> 8133 
70 56 45 54 29 74  ==> 8083 
70 56 45 54 74 29  ==> 9883 
70 56 45 74 29 54  ==> 9483 
70 56 45 74 54 29  ==> 10483 
70 56 54 29 45 74  ==> 7909 
70 56 54 29 74 45  ==> 9069 
70 56 54 45 29 74  ==> 8389 
70 56 54 45 74 29  ==> 10189 
70 56 54 74 29 45  ==> 10419 
70 56 54 74 45 29  ==> 11059 
70 56 74 29 45 54  ==> 9989 
70 56 74 29 54 45  ==> 10349 
70 56 74 45 29 54  ==> 10469 
70 56 74 45 54 29  ==> 11469 
70 56 74 54 29 45  ==> 11099 
70 56 74 54 45 29  ==> 11739 
70 74 29 45 54 56  ==> 9021 
70 74 29 45 56 54  ==> 9101 
70 74 29 54 45 56  ==> 9291 
70 74 29 54 56 45  ==> 9731 
70 74 29 56 45 54  ==> 9431 
70 74 29 56 54 45  ==> 9791 
70 74 45 29 54 56  ==> 9565 
70 74 45 29 56 54  ==> 9645 
70 74 45 54 29 56  ==> 10315 
70 74 45 54 56 29  ==> 11395 
70 74 45 56 29 54  ==> 10455 
70 74 45 56 54 29  ==> 11455 
70 74 54 29 45 56  ==> 10141 
70 74 54 29 56 45  ==> 10581 
70 74 54 45 29 56  ==> 10621 
70 74 54 45 56 29  ==> 11701 
70 74 54 56 29 45  ==> 11391 
70 74 54 56 45 29  ==> 12031 
70 74 56 29 45 54  ==> 10349 
70 74 56 29 54 45  ==> 10709 
70 74 56 45 29 54  ==> 10829 
70 74 56 45 54 29  ==> 11829 
70 74 56 54 29 45  ==> 11459 
70 74 56 54 45 29  ==> 12099 
74 29 45 54 56 70  ==> 6583 
74 29 45 54 70 56  ==> 7143 
74 29 45 56 54 70  ==> 6643 
74 29 45 56 70 54  ==> 7283 
74 29 45 70 54 56  ==> 7623 
74 29 45 70 56 54  ==> 7703 
74 29 54 45 56 70  ==> 6889 
74 29 54 45 70 56  ==> 7449 
74 29 54 56 45 70  ==> 7219 
74 29 54 56 70 45  ==> 8219 
74 29 54 70 45 56  ==> 8199 
74 29 54 70 56 45  ==> 8639 
74 29 56 45 54 70  ==> 7017 
74 29 56 45 70 54  ==> 7657 
74 29 56 54 45 70  ==> 7287 
74 29 56 54 70 45  ==> 8287 
74 29 56 70 45 54  ==> 8407 
74 29 56 70 54 45  ==> 8767 
74 29 70 45 54 56  ==> 8473 
74 29 70 45 56 54  ==> 8553 
74 29 70 54 45 56  ==> 8743 
74 29 70 54 56 45  ==> 9183 
74 29 70 56 45 54  ==> 8883 
74 29 70 56 54 45  ==> 9243 
74 45 29 54 56 70  ==> 6903 
74 45 29 54 70 56  ==> 7463 
74 45 29 56 54 70  ==> 6963 
74 45 29 56 70 54  ==> 7603 
74 45 29 70 54 56  ==> 7943 
74 45 29 70 56 54  ==> 8023 
74 45 54 29 56 70  ==> 7753 
74 45 54 29 70 56  ==> 8313 
74 45 54 56 29 70  ==> 8563 
74 45 54 56 70 29  ==> 10203 
74 45 54 70 29 56  ==> 9543 
74 45 54 70 56 29  ==> 10623 
74 45 56 29 54 70  ==> 7881 
74 45 56 29 70 54  ==> 8521 
74 45 56 54 29 70  ==> 8631 
74 45 56 54 70 29  ==> 10271 
74 45 56 70 29 54  ==> 9751 
74 45 56 70 54 29  ==> 10751 
74 45 70 29 54 56  ==> 9337 
74 45 70 29 56 54  ==> 9417 
74 45 70 54 29 56  ==> 10087 
74 45 70 54 56 29  ==> 11167 
74 45 70 56 29 54  ==> 10227 
74 45 70 56 54 29  ==> 11227 
74 54 29 45 56 70  ==> 7389 
74 54 29 45 70 56  ==> 7949 
74 54 29 56 45 70  ==> 7719 
74 54 29 56 70 45  ==> 8719 
74 54 29 70 45 56  ==> 8699 
74 54 29 70 56 45  ==> 9139 
74 54 45 29 56 70  ==> 7933 
74 54 45 29 70 56  ==> 8493 
74 54 45 56 29 70  ==> 8743 
74 54 45 56 70 29  ==> 10383 
74 54 45 70 29 56  ==> 9723 
74 54 45 70 56 29  ==> 10803 
74 54 56 29 45 70  ==> 8637 
74 54 56 29 70 45  ==> 9637 
74 54 56 45 29 70  ==> 9117 
74 54 56 45 70 29  ==> 10757 
74 54 56 70 29 45  ==> 10867 
74 54 56 70 45 29  ==> 11507 
74 54 70 29 45 56  ==> 10093 
74 54 70 29 56 45  ==> 10533 
74 54 70 45 29 56  ==> 10573 
74 54 70 45 56 29  ==> 11653 
74 54 70 56 29 45  ==> 11343 
74 54 70 56 45 29  ==> 11983 
74 56 29 45 54 70  ==> 7557 
74 56 29 45 70 54  ==> 8197 
74 56 29 54 45 70  ==> 7827 
74 56 29 54 70 45  ==> 8827 
74 56 29 70 45 54  ==> 8947 
74 56 29 70 54 45  ==> 9307 
74 56 45 29 54 70  ==> 8101 
74 56 45 29 70 54  ==> 8741 
74 56 45 54 29 70  ==> 8851 
74 56 45 54 70 29  ==> 10491 
74 56 45 70 29 54  ==> 9971 
74 56 45 70 54 29  ==> 10971 
74 56 54 29 45 70  ==> 8677 
74 56 54 29 70 45  ==> 9677 
74 56 54 45 29 70  ==> 9157 
74 56 54 45 70 29  ==> 10797 
74 56 54 70 29 45  ==> 10907 
74 56 54 70 45 29  ==> 11547 
74 56 70 29 45 54  ==> 10341 
74 56 70 29 54 45  ==> 10701 
74 56 70 45 29 54  ==> 10821 
74 56 70 45 54 29  ==> 11821 
74 56 70 54 29 45  ==> 11451 
74 56 70 54 45 29  ==> 12091 
74 70 29 45 54 56  ==> 9293 
74 70 29 45 56 54  ==> 9373 
74 70 29 54 45 56  ==> 9563 
74 70 29 54 56 45  ==> 10003 
74 70 29 56 45 54  ==> 9703 
74 70 29 56 54 45  ==> 10063 
74 70 45 29 54 56  ==> 9837 
74 70 45 29 56 54  ==> 9917 
74 70 45 54 29 56  ==> 10587 
74 70 45 54 56 29  ==> 11667 
74 70 45 56 29 54  ==> 10727 
74 70 45 56 54 29  ==> 11727 
74 70 54 29 45 56  ==> 10413 
74 70 54 29 56 45  ==> 10853 
74 70 54 45 29 56  ==> 10893 
74 70 54 45 56 29  ==> 11973 
74 70 54 56 29 45  ==> 11663 
74 70 54 56 45 29  ==> 12303 
74 70 56 29 45 54  ==> 10621 
74 70 56 29 54 45  ==> 10981 
74 70 56 45 29 54  ==> 11101 
74 70 56 45 54 29  ==> 12101 
74 70 56 54 29 45  ==> 11731 
74 70 56 54 45 29  ==> 12371 
