98 82 -44
81 10
44 186
176 18
32 110
136 135
28 101
131 176
81 89
97 15
189 34
135 35
180 22
75 168
58 66
89 199
95 48
178 16
61 73
2 140
157 108
150 14
145 87
91 103
193 16
23 52
125 162
197 49
82 31
66 21
114 110
110 118
133 132
33 117
154 152
128 4
22 166
108 170
147 191
190 1
128 154
137 142
180 34
106 150
49 44
1 85
22 121
30 172
127 7
18 60
33 61
121 93
185 182
148 185
52 89
180 80
109 149
30 140
118 184
51 22
112 97
172 85
95 116
28 195
175 113
195 53
45 59
139 146
6 114
131 173
195 65
124 186
172 149
120 134
71 38
56 84
57 64
135 3
8 42
6 9
123 127
149 1
30 125
174 57
198 19
91 166
200 28
137 158
129 19
33 94
18 60
54 101
150 38
34 57
133 133
150 20
19 48
122 88
155 41
19 59
11 75
15 20
31 41
57 68
1 5
15 86
37 72
26 48
8 30
3 65
63 66
5 72
50 83
22 29
5 92
62 70
45 61
17 95
36 88
62 88
5 22
14 30
10 82
17 19
66 75
14 31
58 74
60 94
35 45
33 77
58 97
46 73
11 47
12 81
52 83
43 89
46 66
30 48
13 28
36 72
9 37
76 89
27 96
58 98
10 79
12 38
53 87
53 61
3 81
2 81
15 60
80 86
28 34
27 79
64 79
22 36
56 82
54 59
54 66
9 71
4 85
42 76
46 49
39 95
51 59
57 74
27 31
42 88
5 86
47 71
32 53
56 73
30 41
7 28
28 56
59 79
73 93
42 46
30 96
63 69
64 87
