1059553 
3380483 
6074203 
12602249 
4445786 
441955 
6249622 
7407588 
10435812 
4185757 
7112522 
6762690 
27440485 
29495707 
6275887 
7100574 
12223787 
9398540 
2756471 
30201661 
37715558 
5833189 
5123507 
7833747 
6367829 
7224693 
19171564 
30424947 
3570542 
3411661 
2481164 
3168144 
7855445 
10984572 
21239717 
5947017 
7846699 
11988994 
12636686 
9345343 
30485192 
41834874 
5889759 
5643610 
2460366 
6422204 
10916583 
20721971 
164167578 
196961346 
12969090 
8368098 
7417452 
6787603 
2644777 
8955877 
7179372 
7866056 
7730052 
343188 
3561950 
9254125 
6750923 
2363856 
2467589 
4166055 
7462065 
12223129 
10174146 
5121100 
967530 
6651135 
9963129 
11233949 
10032942 
10905333 
11941067 
12791455 
15638269 
13137946 
5658721 
648649 
3388762 
4752786 
1879638 
1094565 
1800942 
2596053 
950649 
2455306 
6481861 
11240448 
10832514 
8390882 
2330710 
915641 
8300822 
12085805 
0 
0 

321092 
1313075 
4693558 
8569850 
4258040 
187746 
629701 
3159140 
7980532 
2455280 
1730477 
5382045 
1380645 
26059840 
824687 
5123213 
8579334 
8259922 
1138618 
1617853 
31819514 
475850 
153519 
4969988 
5039180 
1328649 
5896044 
25067608 
158881 
1962620 
2442147 
39017 
3129127 
5357339 
16341911 
1900163 
4046854 
3799845 
8189149 
4447537 
4897806 
35382998 
2766398 
5140741 
502869 
1957497 
4464707 
6451876 
27173847 
191341425 
5619921 
7349169 
1018929 
6398523 
389080 
2255697 
6700180 
479192 
7386864 
160461 
503649 
4065599 
5188526 
1562397 
801459 
3269048 
897007 
6565058 
5658071 
4516075 
605025 
1572555 
5078580 
4884549 
6349400 
3683542 
7221791 
4719276 
8072179 
7566090 
5571856 
86865 
561784 
3950546 
802240 
1077398 
17167 
1818109 
777944 
1728593 
726713 
7208574 
4031874 
6800640 
1590242 
740468 
175173 
8125649 
3960156 
0 

96
