9 1000000000 1000000000 1000000000 1000000000 1000000000 1000000000 999999999 1000000000 1000000000
0
7 2 1 4 5 1 3 3
4 1000 1000 1000 1000
3 2 1 2
8 2 1 2 0 3 2 2 3
1 0
2 0 0
3 0 0 0
4 0 1 0 1
5 1 0 1 0 1
6 2 0 1 0 1 0
7 0 1 0 2 0 3 0
8 0 0 0 0 0 0 0 1000000000
3 1 2 2
9 1000000000 1000000000 1000000000 1000000000 1000000000 1000000000 999999999 1000000000 1000000000
10 0 1 2 3 4 5 6 7 8 9
11 1 2 3 4 5 6 7 8 9 10 11
12 12 11 10 9 8 7 6 5 4 3 2 1
13 12 11 10 9 8 7 6 5 4 3 2 1 0
8 4 7 6 8 5 9 1 0
8 4 7 6 8 5 9 1 24
8 4 7 6 8 5 9 1 25
8 4 7 6 8 5 9 1 26
18 1 1 1 1 1 1 1 1 1 1 1 1 1 1 1 1 1 1
18 7 7 7 7 7 7 7 7 7 7 7 7 7 7 7 7 7 7
1 1
1 2
1 987654321
1 1000000000
2 567 789
2 555 555
2 0 10
2 10 0
0
