10000 9999
0 7
7 14
14 21
21 28
28 35
35 42
42 49
49 56
56 63
63 70
70 77
77 84
84 91
91 98
98 105
105 112
112 119
119 126
126 133
133 140
140 147
147 154
154 161
161 168
168 175
175 182
182 189
189 196
196 203
203 210
210 217
217 224
224 231
231 238
238 245
245 252
252 259
259 266
266 273
273 280
280 287
287 294
294 301
301 308
308 315
315 322
322 329
329 336
336 343
343 350
350 357
357 364
364 371
371 378
378 385
385 392
392 399
399 406
406 413
413 420
420 427
427 434
434 441
441 448
448 455
455 462
462 469
469 476
476 483
483 490
490 497
497 504
504 511
511 518
518 525
525 532
532 539
539 546
546 553
553 560
560 567
567 574
574 581
581 588
588 595
595 602
602 609
609 616
616 623
623 630
630 637
637 644
644 651
651 658
658 665
665 672
672 679
679 686
686 693
693 700
700 707
707 714
714 721
721 728
728 735
735 742
742 749
749 756
756 763
763 770
770 777
777 784
784 791
791 798
798 805
805 812
812 819
819 826
826 833
833 840
840 847
847 854
854 861
861 868
868 875
875 882
882 889
889 896
896 903
903 910
910 917
917 924
924 931
931 938
938 945
945 952
952 959
959 966
966 973
973 980
980 987
987 994
994 1001
1001 1008
1008 1015
1015 1022
1022 1029
1029 1036
1036 1043
1043 1050
1050 1057
1057 1064
1064 1071
1071 1078
1078 1085
1085 1092
1092 1099
1099 1106
1106 1113
1113 1120
1120 1127
1127 1134
1134 1141
1141 1148
1148 1155
1155 1162
1162 1169
1169 1176
1176 1183
1183 1190
1190 1197
1197 1204
1204 1211
1211 1218
1218 1225
1225 1232
1232 1239
1239 1246
1246 1253
1253 1260
1260 1267
1267 1274
1274 1281
1281 1288
1288 1295
1295 1302
1302 1309
1309 1316
1316 1323
1323 1330
1330 1337
1337 1344
1344 1351
1351 1358
1358 1365
1365 1372
1372 1379
1379 1386
1386 1393
1393 1400
1400 1407
1407 1414
1414 1421
1421 1428
1428 1435
1435 1442
1442 1449
1449 1456
1456 1463
1463 1470
1470 1477
1477 1484
1484 1491
1491 1498
1498 1505
1505 1512
1512 1519
1519 1526
1526 1533
1533 1540
1540 1547
1547 1554
1554 1561
1561 1568
1568 1575
1575 1582
1582 1589
1589 1596
1596 1603
1603 1610
1610 1617
1617 1624
1624 1631
1631 1638
1638 1645
1645 1652
1652 1659
1659 1666
1666 1673
1673 1680
1680 1687
1687 1694
1694 1701
1701 1708
1708 1715
1715 1722
1722 1729
1729 1736
1736 1743
1743 1750
1750 1757
1757 1764
1764 1771
1771 1778
1778 1785
1785 1792
1792 1799
1799 1806
1806 1813
1813 1820
1820 1827
1827 1834
1834 1841
1841 1848
1848 1855
1855 1862
1862 1869
1869 1876
1876 1883
1883 1890
1890 1897
1897 1904
1904 1911
1911 1918
1918 1925
1925 1932
1932 1939
1939 1946
1946 1953
1953 1960
1960 1967
1967 1974
1974 1981
1981 1988
1988 1995
1995 2002
2002 2009
2009 2016
2016 2023
2023 2030
2030 2037
2037 2044
2044 2051
2051 2058
2058 2065
2065 2072
2072 2079
2079 2086
2086 2093
2093 2100
2100 2107
2107 2114
2114 2121
2121 2128
2128 2135
2135 2142
2142 2149
2149 2156
2156 2163
2163 2170
2170 2177
2177 2184
2184 2191
2191 2198
2198 2205
2205 2212
2212 2219
2219 2226
2226 2233
2233 2240
2240 2247
2247 2254
2254 2261
2261 2268
2268 2275
2275 2282
2282 2289
2289 2296
2296 2303
2303 2310
2310 2317
2317 2324
2324 2331
2331 2338
2338 2345
2345 2352
2352 2359
2359 2366
2366 2373
2373 2380
2380 2387
2387 2394
2394 2401
2401 2408
2408 2415
2415 2422
2422 2429
2429 2436
2436 2443
2443 2450
2450 2457
2457 2464
2464 2471
2471 2478
2478 2485
2485 2492
2492 2499
2499 2506
2506 2513
2513 2520
2520 2527
2527 2534
2534 2541
2541 2548
2548 2555
2555 2562
2562 2569
2569 2576
2576 2583
2583 2590
2590 2597
2597 2604
2604 2611
2611 2618
2618 2625
2625 2632
2632 2639
2639 2646
2646 2653
2653 2660
2660 2667
2667 2674
2674 2681
2681 2688
2688 2695
2695 2702
2702 2709
2709 2716
2716 2723
2723 2730
2730 2737
2737 2744
2744 2751
2751 2758
2758 2765
2765 2772
2772 2779
2779 2786
2786 2793
2793 2800
2800 2807
2807 2814
2814 2821
2821 2828
2828 2835
2835 2842
2842 2849
2849 2856
2856 2863
2863 2870
2870 2877
2877 2884
2884 2891
2891 2898
2898 2905
2905 2912
2912 2919
2919 2926
2926 2933
2933 2940
2940 2947
2947 2954
2954 2961
2961 2968
2968 2975
2975 2982
2982 2989
2989 2996
2996 3003
3003 3010
3010 3017
3017 3024
3024 3031
3031 3038
3038 3045
3045 3052
3052 3059
3059 3066
3066 3073
3073 3080
3080 3087
3087 3094
3094 3101
3101 3108
3108 3115
3115 3122
3122 3129
3129 3136
3136 3143
3143 3150
3150 3157
3157 3164
3164 3171
3171 3178
3178 3185
3185 3192
3192 3199
3199 3206
3206 3213
3213 3220
3220 3227
3227 3234
3234 3241
3241 3248
3248 3255
3255 3262
3262 3269
3269 3276
3276 3283
3283 3290
3290 3297
3297 3304
3304 3311
3311 3318
3318 3325
3325 3332
3332 3339
3339 3346
3346 3353
3353 3360
3360 3367
3367 3374
3374 3381
3381 3388
3388 3395
3395 3402
3402 3409
3409 3416
3416 3423
3423 3430
3430 3437
3437 3444
3444 3451
3451 3458
3458 3465
3465 3472
3472 3479
3479 3486
3486 3493
3493 3500
3500 3507
3507 3514
3514 3521
3521 3528
3528 3535
3535 3542
3542 3549
3549 3556
3556 3563
3563 3570
3570 3577
3577 3584
3584 3591
3591 3598
3598 3605
3605 3612
3612 3619
3619 3626
3626 3633
3633 3640
3640 3647
3647 3654
3654 3661
3661 3668
3668 3675
3675 3682
3682 3689
3689 3696
3696 3703
3703 3710
3710 3717
3717 3724
3724 3731
3731 3738
3738 3745
3745 3752
3752 3759
3759 3766
3766 3773
3773 3780
3780 3787
3787 3794
3794 3801
3801 3808
3808 3815
3815 3822
3822 3829
3829 3836
3836 3843
3843 3850
3850 3857
3857 3864
3864 3871
3871 3878
3878 3885
3885 3892
3892 3899
3899 3906
3906 3913
3913 3920
3920 3927
3927 3934
3934 3941
3941 3948
3948 3955
3955 3962
3962 3969
3969 3976
3976 3983
3983 3990
3990 3997
3997 4004
4004 4011
4011 4018
4018 4025
4025 4032
4032 4039
4039 4046
4046 4053
4053 4060
4060 4067
4067 4074
4074 4081
4081 4088
4088 4095
4095 4102
4102 4109
4109 4116
4116 4123
4123 4130
4130 4137
4137 4144
4144 4151
4151 4158
4158 4165
4165 4172
4172 4179
4179 4186
4186 4193
4193 4200
4200 4207
4207 4214
4214 4221
4221 4228
4228 4235
4235 4242
4242 4249
4249 4256
4256 4263
4263 4270
4270 4277
4277 4284
4284 4291
4291 4298
4298 4305
4305 4312
4312 4319
4319 4326
4326 4333
4333 4340
4340 4347
4347 4354
4354 4361
4361 4368
4368 4375
4375 4382
4382 4389
4389 4396
4396 4403
4403 4410
4410 4417
4417 4424
4424 4431
4431 4438
4438 4445
4445 4452
4452 4459
4459 4466
4466 4473
4473 4480
4480 4487
4487 4494
4494 4501
4501 4508
4508 4515
4515 4522
4522 4529
4529 4536
4536 4543
4543 4550
4550 4557
4557 4564
4564 4571
4571 4578
4578 4585
4585 4592
4592 4599
4599 4606
4606 4613
4613 4620
4620 4627
4627 4634
4634 4641
4641 4648
4648 4655
4655 4662
4662 4669
4669 4676
4676 4683
4683 4690
4690 4697
4697 4704
4704 4711
4711 4718
4718 4725
4725 4732
4732 4739
4739 4746
4746 4753
4753 4760
4760 4767
4767 4774
4774 4781
4781 4788
4788 4795
4795 4802
4802 4809
4809 4816
4816 4823
4823 4830
4830 4837
4837 4844
4844 4851
4851 4858
4858 4865
4865 4872
4872 4879
4879 4886
4886 4893
4893 4900
4900 4907
4907 4914
4914 4921
4921 4928
4928 4935
4935 4942
4942 4949
4949 4956
4956 4963
4963 4970
4970 4977
4977 4984
4984 4991
4991 4998
4998 5005
5005 5012
5012 5019
5019 5026
5026 5033
5033 5040
5040 5047
5047 5054
5054 5061
5061 5068
5068 5075
5075 5082
5082 5089
5089 5096
5096 5103
5103 5110
5110 5117
5117 5124
5124 5131
5131 5138
5138 5145
5145 5152
5152 5159
5159 5166
5166 5173
5173 5180
5180 5187
5187 5194
5194 5201
5201 5208
5208 5215
5215 5222
5222 5229
5229 5236
5236 5243
5243 5250
5250 5257
5257 5264
5264 5271
5271 5278
5278 5285
5285 5292
5292 5299
5299 5306
5306 5313
5313 5320
5320 5327
5327 5334
5334 5341
5341 5348
5348 5355
5355 5362
5362 5369
5369 5376
5376 5383
5383 5390
5390 5397
5397 5404
5404 5411
5411 5418
5418 5425
5425 5432
5432 5439
5439 5446
5446 5453
5453 5460
5460 5467
5467 5474
5474 5481
5481 5488
5488 5495
5495 5502
5502 5509
5509 5516
5516 5523
5523 5530
5530 5537
5537 5544
5544 5551
5551 5558
5558 5565
5565 5572
5572 5579
5579 5586
5586 5593
5593 5600
5600 5607
5607 5614
5614 5621
5621 5628
5628 5635
5635 5642
5642 5649
5649 5656
5656 5663
5663 5670
5670 5677
5677 5684
5684 5691
5691 5698
5698 5705
5705 5712
5712 5719
5719 5726
5726 5733
5733 5740
5740 5747
5747 5754
5754 5761
5761 5768
5768 5775
5775 5782
5782 5789
5789 5796
5796 5803
5803 5810
5810 5817
5817 5824
5824 5831
5831 5838
5838 5845
5845 5852
5852 5859
5859 5866
5866 5873
5873 5880
5880 5887
5887 5894
5894 5901
5901 5908
5908 5915
5915 5922
5922 5929
5929 5936
5936 5943
5943 5950
5950 5957
5957 5964
5964 5971
5971 5978
5978 5985
5985 5992
5992 5999
5999 6006
6006 6013
6013 6020
6020 6027
6027 6034
6034 6041
6041 6048
6048 6055
6055 6062
6062 6069
6069 6076
6076 6083
6083 6090
6090 6097
6097 6104
6104 6111
6111 6118
6118 6125
6125 6132
6132 6139
6139 6146
6146 6153
6153 6160
6160 6167
6167 6174
6174 6181
6181 6188
6188 6195
6195 6202
6202 6209
6209 6216
6216 6223
6223 6230
6230 6237
6237 6244
6244 6251
6251 6258
6258 6265
6265 6272
6272 6279
6279 6286
6286 6293
6293 6300
6300 6307
6307 6314
6314 6321
6321 6328
6328 6335
6335 6342
6342 6349
6349 6356
6356 6363
6363 6370
6370 6377
6377 6384
6384 6391
6391 6398
6398 6405
6405 6412
6412 6419
6419 6426
6426 6433
6433 6440
6440 6447
6447 6454
6454 6461
6461 6468
6468 6475
6475 6482
6482 6489
6489 6496
6496 6503
6503 6510
6510 6517
6517 6524
6524 6531
6531 6538
6538 6545
6545 6552
6552 6559
6559 6566
6566 6573
6573 6580
6580 6587
6587 6594
6594 6601
6601 6608
6608 6615
6615 6622
6622 6629
6629 6636
6636 6643
6643 6650
6650 6657
6657 6664
6664 6671
6671 6678
6678 6685
6685 6692
6692 6699
6699 6706
6706 6713
6713 6720
6720 6727
6727 6734
6734 6741
6741 6748
6748 6755
6755 6762
6762 6769
6769 6776
6776 6783
6783 6790
6790 6797
6797 6804
6804 6811
6811 6818
6818 6825
6825 6832
6832 6839
6839 6846
6846 6853
6853 6860
6860 6867
6867 6874
6874 6881
6881 6888
6888 6895
6895 6902
6902 6909
6909 6916
6916 6923
6923 6930
6930 6937
6937 6944
6944 6951
6951 6958
6958 6965
6965 6972
6972 6979
6979 6986
6986 6993
6993 7000
7000 7007
7007 7014
7014 7021
7021 7028
7028 7035
7035 7042
7042 7049
7049 7056
7056 7063
7063 7070
7070 7077
7077 7084
7084 7091
7091 7098
7098 7105
7105 7112
7112 7119
7119 7126
7126 7133
7133 7140
7140 7147
7147 7154
7154 7161
7161 7168
7168 7175
7175 7182
7182 7189
7189 7196
7196 7203
7203 7210
7210 7217
7217 7224
7224 7231
7231 7238
7238 7245
7245 7252
7252 7259
7259 7266
7266 7273
7273 7280
7280 7287
7287 7294
7294 7301
7301 7308
7308 7315
7315 7322
7322 7329
7329 7336
7336 7343
7343 7350
7350 7357
7357 7364
7364 7371
7371 7378
7378 7385
7385 7392
7392 7399
7399 7406
7406 7413
7413 7420
7420 7427
7427 7434
7434 7441
7441 7448
7448 7455
7455 7462
7462 7469
7469 7476
7476 7483
7483 7490
7490 7497
7497 7504
7504 7511
7511 7518
7518 7525
7525 7532
7532 7539
7539 7546
7546 7553
7553 7560
7560 7567
7567 7574
7574 7581
7581 7588
7588 7595
7595 7602
7602 7609
7609 7616
7616 7623
7623 7630
7630 7637
7637 7644
7644 7651
7651 7658
7658 7665
7665 7672
7672 7679
7679 7686
7686 7693
7693 7700
7700 7707
7707 7714
7714 7721
7721 7728
7728 7735
7735 7742
7742 7749
7749 7756
7756 7763
7763 7770
7770 7777
7777 7784
7784 7791
7791 7798
7798 7805
7805 7812
7812 7819
7819 7826
7826 7833
7833 7840
7840 7847
7847 7854
7854 7861
7861 7868
7868 7875
7875 7882
7882 7889
7889 7896
7896 7903
7903 7910
7910 7917
7917 7924
7924 7931
7931 7938
7938 7945
7945 7952
7952 7959
7959 7966
7966 7973
7973 7980
7980 7987
7987 7994
7994 8001
8001 8008
8008 8015
8015 8022
8022 8029
8029 8036
8036 8043
8043 8050
8050 8057
8057 8064
8064 8071
8071 8078
8078 8085
8085 8092
8092 8099
8099 8106
8106 8113
8113 8120
8120 8127
8127 8134
8134 8141
8141 8148
8148 8155
8155 8162
8162 8169
8169 8176
8176 8183
8183 8190
8190 8197
8197 8204
8204 8211
8211 8218
8218 8225
8225 8232
8232 8239
8239 8246
8246 8253
8253 8260
8260 8267
8267 8274
8274 8281
8281 8288
8288 8295
8295 8302
8302 8309
8309 8316
8316 8323
8323 8330
8330 8337
8337 8344
8344 8351
8351 8358
8358 8365
8365 8372
8372 8379
8379 8386
8386 8393
8393 8400
8400 8407
8407 8414
8414 8421
8421 8428
8428 8435
8435 8442
8442 8449
8449 8456
8456 8463
8463 8470
8470 8477
8477 8484
8484 8491
8491 8498
8498 8505
8505 8512
8512 8519
8519 8526
8526 8533
8533 8540
8540 8547
8547 8554
8554 8561
8561 8568
8568 8575
8575 8582
8582 8589
8589 8596
8596 8603
8603 8610
8610 8617
8617 8624
8624 8631
8631 8638
8638 8645
8645 8652
8652 8659
8659 8666
8666 8673
8673 8680
8680 8687
8687 8694
8694 8701
8701 8708
8708 8715
8715 8722
8722 8729
8729 8736
8736 8743
8743 8750
8750 8757
8757 8764
8764 8771
8771 8778
8778 8785
8785 8792
8792 8799
8799 8806
8806 8813
8813 8820
8820 8827
8827 8834
8834 8841
8841 8848
8848 8855
8855 8862
8862 8869
8869 8876
8876 8883
8883 8890
8890 8897
8897 8904
8904 8911
8911 8918
8918 8925
8925 8932
8932 8939
8939 8946
8946 8953
8953 8960
8960 8967
8967 8974
8974 8981
8981 8988
8988 8995
8995 9002
9002 9009
9009 9016
9016 9023
9023 9030
9030 9037
9037 9044
9044 9051
9051 9058
9058 9065
9065 9072
9072 9079
9079 9086
9086 9093
9093 9100
9100 9107
9107 9114
9114 9121
9121 9128
9128 9135
9135 9142
9142 9149
9149 9156
9156 9163
9163 9170
9170 9177
9177 9184
9184 9191
9191 9198
9198 9205
9205 9212
9212 9219
9219 9226
9226 9233
9233 9240
9240 9247
9247 9254
9254 9261
9261 9268
9268 9275
9275 9282
9282 9289
9289 9296
9296 9303
9303 9310
9310 9317
9317 9324
9324 9331
9331 9338
9338 9345
9345 9352
9352 9359
9359 9366
9366 9373
9373 9380
9380 9387
9387 9394
9394 9401
9401 9408
9408 9415
9415 9422
9422 9429
9429 9436
9436 9443
9443 9450
9450 9457
9457 9464
9464 9471
9471 9478
9478 9485
9485 9492
9492 9499
9499 9506
9506 9513
9513 9520
9520 9527
9527 9534
9534 9541
9541 9548
9548 9555
9555 9562
9562 9569
9569 9576
9576 9583
9583 9590
9590 9597
9597 9604
9604 9611
9611 9618
9618 9625
9625 9632
9632 9639
9639 9646
9646 9653
9653 9660
9660 9667
9667 9674
9674 9681
9681 9688
9688 9695
9695 9702
9702 9709
9709 9716
9716 9723
9723 9730
9730 9737
9737 9744
9744 9751
9751 9758
9758 9765
9765 9772
9772 9779
9779 9786
9786 9793
9793 9800
9800 9807
9807 9814
9814 9821
9821 9828
9828 9835
9835 9842
9842 9849
9849 9856
9856 9863
9863 9870
9870 9877
9877 9884
9884 9891
9891 9898
9898 9905
9905 9912
9912 9919
9919 9926
9926 9933
9933 9940
9940 9947
9947 9954
9954 9961
9961 9968
9968 9975
9975 9982
9982 9989
9989 9996
9996 3
3 10
10 17
17 24
24 31
31 38
38 45
45 52
52 59
59 66
66 73
73 80
80 87
87 94
94 101
101 108
108 115
115 122
122 129
129 136
136 143
143 150
150 157
157 164
164 171
171 178
178 185
185 192
192 199
199 206
206 213
213 220
220 227
227 234
234 241
241 248
248 255
255 262
262 269
269 276
276 283
283 290
290 297
297 304
304 311
311 318
318 325
325 332
332 339
339 346
346 353
353 360
360 367
367 374
374 381
381 388
388 395
395 402
402 409
409 416
416 423
423 430
430 437
437 444
444 451
451 458
458 465
465 472
472 479
479 486
486 493
493 500
500 507
507 514
514 521
521 528
528 535
535 542
542 549
549 556
556 563
563 570
570 577
577 584
584 591
591 598
598 605
605 612
612 619
619 626
626 633
633 640
640 647
647 654
654 661
661 668
668 675
675 682
682 689
689 696
696 703
703 710
710 717
717 724
724 731
731 738
738 745
745 752
752 759
759 766
766 773
773 780
780 787
787 794
794 801
801 808
808 815
815 822
822 829
829 836
836 843
843 850
850 857
857 864
864 871
871 878
878 885
885 892
892 899
899 906
906 913
913 920
920 927
927 934
934 941
941 948
948 955
955 962
962 969
969 976
976 983
983 990
990 997
997 1004
1004 1011
1011 1018
1018 1025
1025 1032
1032 1039
1039 1046
1046 1053
1053 1060
1060 1067
1067 1074
1074 1081
1081 1088
1088 1095
1095 1102
1102 1109
1109 1116
1116 1123
1123 1130
1130 1137
1137 1144
1144 1151
1151 1158
1158 1165
1165 1172
1172 1179
1179 1186
1186 1193
1193 1200
1200 1207
1207 1214
1214 1221
1221 1228
1228 1235
1235 1242
1242 1249
1249 1256
1256 1263
1263 1270
1270 1277
1277 1284
1284 1291
1291 1298
1298 1305
1305 1312
1312 1319
1319 1326
1326 1333
1333 1340
1340 1347
1347 1354
1354 1361
1361 1368
1368 1375
1375 1382
1382 1389
1389 1396
1396 1403
1403 1410
1410 1417
1417 1424
1424 1431
1431 1438
1438 1445
1445 1452
1452 1459
1459 1466
1466 1473
1473 1480
1480 1487
1487 1494
1494 1501
1501 1508
1508 1515
1515 1522
1522 1529
1529 1536
1536 1543
1543 1550
1550 1557
1557 1564
1564 1571
1571 1578
1578 1585
1585 1592
1592 1599
1599 1606
1606 1613
1613 1620
1620 1627
1627 1634
1634 1641
1641 1648
1648 1655
1655 1662
1662 1669
1669 1676
1676 1683
1683 1690
1690 1697
1697 1704
1704 1711
1711 1718
1718 1725
1725 1732
1732 1739
1739 1746
1746 1753
1753 1760
1760 1767
1767 1774
1774 1781
1781 1788
1788 1795
1795 1802
1802 1809
1809 1816
1816 1823
1823 1830
1830 1837
1837 1844
1844 1851
1851 1858
1858 1865
1865 1872
1872 1879
1879 1886
1886 1893
1893 1900
1900 1907
1907 1914
1914 1921
1921 1928
1928 1935
1935 1942
1942 1949
1949 1956
1956 1963
1963 1970
1970 1977
1977 1984
1984 1991
1991 1998
1998 2005
2005 2012
2012 2019
2019 2026
2026 2033
2033 2040
2040 2047
2047 2054
2054 2061
2061 2068
2068 2075
2075 2082
2082 2089
2089 2096
2096 2103
2103 2110
2110 2117
2117 2124
2124 2131
2131 2138
2138 2145
2145 2152
2152 2159
2159 2166
2166 2173
2173 2180
2180 2187
2187 2194
2194 2201
2201 2208
2208 2215
2215 2222
2222 2229
2229 2236
2236 2243
2243 2250
2250 2257
2257 2264
2264 2271
2271 2278
2278 2285
2285 2292
2292 2299
2299 2306
2306 2313
2313 2320
2320 2327
2327 2334
2334 2341
2341 2348
2348 2355
2355 2362
2362 2369
2369 2376
2376 2383
2383 2390
2390 2397
2397 2404
2404 2411
2411 2418
2418 2425
2425 2432
2432 2439
2439 2446
2446 2453
2453 2460
2460 2467
2467 2474
2474 2481
2481 2488
2488 2495
2495 2502
2502 2509
2509 2516
2516 2523
2523 2530
2530 2537
2537 2544
2544 2551
2551 2558
2558 2565
2565 2572
2572 2579
2579 2586
2586 2593
2593 2600
2600 2607
2607 2614
2614 2621
2621 2628
2628 2635
2635 2642
2642 2649
2649 2656
2656 2663
2663 2670
2670 2677
2677 2684
2684 2691
2691 2698
2698 2705
2705 2712
2712 2719
2719 2726
2726 2733
2733 2740
2740 2747
2747 2754
2754 2761
2761 2768
2768 2775
2775 2782
2782 2789
2789 2796
2796 2803
2803 2810
2810 2817
2817 2824
2824 2831
2831 2838
2838 2845
2845 2852
2852 2859
2859 2866
2866 2873
2873 2880
2880 2887
2887 2894
2894 2901
2901 2908
2908 2915
2915 2922
2922 2929
2929 2936
2936 2943
2943 2950
2950 2957
2957 2964
2964 2971
2971 2978
2978 2985
2985 2992
2992 2999
2999 3006
3006 3013
3013 3020
3020 3027
3027 3034
3034 3041
3041 3048
3048 3055
3055 3062
3062 3069
3069 3076
3076 3083
3083 3090
3090 3097
3097 3104
3104 3111
3111 3118
3118 3125
3125 3132
3132 3139
3139 3146
3146 3153
3153 3160
3160 3167
3167 3174
3174 3181
3181 3188
3188 3195
3195 3202
3202 3209
3209 3216
3216 3223
3223 3230
3230 3237
3237 3244
3244 3251
3251 3258
3258 3265
3265 3272
3272 3279
3279 3286
3286 3293
3293 3300
3300 3307
3307 3314
3314 3321
3321 3328
3328 3335
3335 3342
3342 3349
3349 3356
3356 3363
3363 3370
3370 3377
3377 3384
3384 3391
3391 3398
3398 3405
3405 3412
3412 3419
3419 3426
3426 3433
3433 3440
3440 3447
3447 3454
3454 3461
3461 3468
3468 3475
3475 3482
3482 3489
3489 3496
3496 3503
3503 3510
3510 3517
3517 3524
3524 3531
3531 3538
3538 3545
3545 3552
3552 3559
3559 3566
3566 3573
3573 3580
3580 3587
3587 3594
3594 3601
3601 3608
3608 3615
3615 3622
3622 3629
3629 3636
3636 3643
3643 3650
3650 3657
3657 3664
3664 3671
3671 3678
3678 3685
3685 3692
3692 3699
3699 3706
3706 3713
3713 3720
3720 3727
3727 3734
3734 3741
3741 3748
3748 3755
3755 3762
3762 3769
3769 3776
3776 3783
3783 3790
3790 3797
3797 3804
3804 3811
3811 3818
3818 3825
3825 3832
3832 3839
3839 3846
3846 3853
3853 3860
3860 3867
3867 3874
3874 3881
3881 3888
3888 3895
3895 3902
3902 3909
3909 3916
3916 3923
3923 3930
3930 3937
3937 3944
3944 3951
3951 3958
3958 3965
3965 3972
3972 3979
3979 3986
3986 3993
3993 4000
4000 4007
4007 4014
4014 4021
4021 4028
4028 4035
4035 4042
4042 4049
4049 4056
4056 4063
4063 4070
4070 4077
4077 4084
4084 4091
4091 4098
4098 4105
4105 4112
4112 4119
4119 4126
4126 4133
4133 4140
4140 4147
4147 4154
4154 4161
4161 4168
4168 4175
4175 4182
4182 4189
4189 4196
4196 4203
4203 4210
4210 4217
4217 4224
4224 4231
4231 4238
4238 4245
4245 4252
4252 4259
4259 4266
4266 4273
4273 4280
4280 4287
4287 4294
4294 4301
4301 4308
4308 4315
4315 4322
4322 4329
4329 4336
4336 4343
4343 4350
4350 4357
4357 4364
4364 4371
4371 4378
4378 4385
4385 4392
4392 4399
4399 4406
4406 4413
4413 4420
4420 4427
4427 4434
4434 4441
4441 4448
4448 4455
4455 4462
4462 4469
4469 4476
4476 4483
4483 4490
4490 4497
4497 4504
4504 4511
4511 4518
4518 4525
4525 4532
4532 4539
4539 4546
4546 4553
4553 4560
4560 4567
4567 4574
4574 4581
4581 4588
4588 4595
4595 4602
4602 4609
4609 4616
4616 4623
4623 4630
4630 4637
4637 4644
4644 4651
4651 4658
4658 4665
4665 4672
4672 4679
4679 4686
4686 4693
4693 4700
4700 4707
4707 4714
4714 4721
4721 4728
4728 4735
4735 4742
4742 4749
4749 4756
4756 4763
4763 4770
4770 4777
4777 4784
4784 4791
4791 4798
4798 4805
4805 4812
4812 4819
4819 4826
4826 4833
4833 4840
4840 4847
4847 4854
4854 4861
4861 4868
4868 4875
4875 4882
4882 4889
4889 4896
4896 4903
4903 4910
4910 4917
4917 4924
4924 4931
4931 4938
4938 4945
4945 4952
4952 4959
4959 4966
4966 4973
4973 4980
4980 4987
4987 4994
4994 5001
5001 5008
5008 5015
5015 5022
5022 5029
5029 5036
5036 5043
5043 5050
5050 5057
5057 5064
5064 5071
5071 5078
5078 5085
5085 5092
5092 5099
5099 5106
5106 5113
5113 5120
5120 5127
5127 5134
5134 5141
5141 5148
5148 5155
5155 5162
5162 5169
5169 5176
5176 5183
5183 5190
5190 5197
5197 5204
5204 5211
5211 5218
5218 5225
5225 5232
5232 5239
5239 5246
5246 5253
5253 5260
5260 5267
5267 5274
5274 5281
5281 5288
5288 5295
5295 5302
5302 5309
5309 5316
5316 5323
5323 5330
5330 5337
5337 5344
5344 5351
5351 5358
5358 5365
5365 5372
5372 5379
5379 5386
5386 5393
5393 5400
5400 5407
5407 5414
5414 5421
5421 5428
5428 5435
5435 5442
5442 5449
5449 5456
5456 5463
5463 5470
5470 5477
5477 5484
5484 5491
5491 5498
5498 5505
5505 5512
5512 5519
5519 5526
5526 5533
5533 5540
5540 5547
5547 5554
5554 5561
5561 5568
5568 5575
5575 5582
5582 5589
5589 5596
5596 5603
5603 5610
5610 5617
5617 5624
5624 5631
5631 5638
5638 5645
5645 5652
5652 5659
5659 5666
5666 5673
5673 5680
5680 5687
5687 5694
5694 5701
5701 5708
5708 5715
5715 5722
5722 5729
5729 5736
5736 5743
5743 5750
5750 5757
5757 5764
5764 5771
5771 5778
5778 5785
5785 5792
5792 5799
5799 5806
5806 5813
5813 5820
5820 5827
5827 5834
5834 5841
5841 5848
5848 5855
5855 5862
5862 5869
5869 5876
5876 5883
5883 5890
5890 5897
5897 5904
5904 5911
5911 5918
5918 5925
5925 5932
5932 5939
5939 5946
5946 5953
5953 5960
5960 5967
5967 5974
5974 5981
5981 5988
5988 5995
5995 6002
6002 6009
6009 6016
6016 6023
6023 6030
6030 6037
6037 6044
6044 6051
6051 6058
6058 6065
6065 6072
6072 6079
6079 6086
6086 6093
6093 6100
6100 6107
6107 6114
6114 6121
6121 6128
6128 6135
6135 6142
6142 6149
6149 6156
6156 6163
6163 6170
6170 6177
6177 6184
6184 6191
6191 6198
6198 6205
6205 6212
6212 6219
6219 6226
6226 6233
6233 6240
6240 6247
6247 6254
6254 6261
6261 6268
6268 6275
6275 6282
6282 6289
6289 6296
6296 6303
6303 6310
6310 6317
6317 6324
6324 6331
6331 6338
6338 6345
6345 6352
6352 6359
6359 6366
6366 6373
6373 6380
6380 6387
6387 6394
6394 6401
6401 6408
6408 6415
6415 6422
6422 6429
6429 6436
6436 6443
6443 6450
6450 6457
6457 6464
6464 6471
6471 6478
6478 6485
6485 6492
6492 6499
6499 6506
6506 6513
6513 6520
6520 6527
6527 6534
6534 6541
6541 6548
6548 6555
6555 6562
6562 6569
6569 6576
6576 6583
6583 6590
6590 6597
6597 6604
6604 6611
6611 6618
6618 6625
6625 6632
6632 6639
6639 6646
6646 6653
6653 6660
6660 6667
6667 6674
6674 6681
6681 6688
6688 6695
6695 6702
6702 6709
6709 6716
6716 6723
6723 6730
6730 6737
6737 6744
6744 6751
6751 6758
6758 6765
6765 6772
6772 6779
6779 6786
6786 6793
6793 6800
6800 6807
6807 6814
6814 6821
6821 6828
6828 6835
6835 6842
6842 6849
6849 6856
6856 6863
6863 6870
6870 6877
6877 6884
6884 6891
6891 6898
6898 6905
6905 6912
6912 6919
6919 6926
6926 6933
6933 6940
6940 6947
6947 6954
6954 6961
6961 6968
6968 6975
6975 6982
6982 6989
6989 6996
6996 7003
7003 7010
7010 7017
7017 7024
7024 7031
7031 7038
7038 7045
7045 7052
7052 7059
7059 7066
7066 7073
7073 7080
7080 7087
7087 7094
7094 7101
7101 7108
7108 7115
7115 7122
7122 7129
7129 7136
7136 7143
7143 7150
7150 7157
7157 7164
7164 7171
7171 7178
7178 7185
7185 7192
7192 7199
7199 7206
7206 7213
7213 7220
7220 7227
7227 7234
7234 7241
7241 7248
7248 7255
7255 7262
7262 7269
7269 7276
7276 7283
7283 7290
7290 7297
7297 7304
7304 7311
7311 7318
7318 7325
7325 7332
7332 7339
7339 7346
7346 7353
7353 7360
7360 7367
7367 7374
7374 7381
7381 7388
7388 7395
7395 7402
7402 7409
7409 7416
7416 7423
7423 7430
7430 7437
7437 7444
7444 7451
7451 7458
7458 7465
7465 7472
7472 7479
7479 7486
7486 7493
7493 7500
7500 7507
7507 7514
7514 7521
7521 7528
7528 7535
7535 7542
7542 7549
7549 7556
7556 7563
7563 7570
7570 7577
7577 7584
7584 7591
7591 7598
7598 7605
7605 7612
7612 7619
7619 7626
7626 7633
7633 7640
7640 7647
7647 7654
7654 7661
7661 7668
7668 7675
7675 7682
7682 7689
7689 7696
7696 7703
7703 7710
7710 7717
7717 7724
7724 7731
7731 7738
7738 7745
7745 7752
7752 7759
7759 7766
7766 7773
7773 7780
7780 7787
7787 7794
7794 7801
7801 7808
7808 7815
7815 7822
7822 7829
7829 7836
7836 7843
7843 7850
7850 7857
7857 7864
7864 7871
7871 7878
7878 7885
7885 7892
7892 7899
7899 7906
7906 7913
7913 7920
7920 7927
7927 7934
7934 7941
7941 7948
7948 7955
7955 7962
7962 7969
7969 7976
7976 7983
7983 7990
7990 7997
7997 8004
8004 8011
8011 8018
8018 8025
8025 8032
8032 8039
8039 8046
8046 8053
8053 8060
8060 8067
8067 8074
8074 8081
8081 8088
8088 8095
8095 8102
8102 8109
8109 8116
8116 8123
8123 8130
8130 8137
8137 8144
8144 8151
8151 8158
8158 8165
8165 8172
8172 8179
8179 8186
8186 8193
8193 8200
8200 8207
8207 8214
8214 8221
8221 8228
8228 8235
8235 8242
8242 8249
8249 8256
8256 8263
8263 8270
8270 8277
8277 8284
8284 8291
8291 8298
8298 8305
8305 8312
8312 8319
8319 8326
8326 8333
8333 8340
8340 8347
8347 8354
8354 8361
8361 8368
8368 8375
8375 8382
8382 8389
8389 8396
8396 8403
8403 8410
8410 8417
8417 8424
8424 8431
8431 8438
8438 8445
8445 8452
8452 8459
8459 8466
8466 8473
8473 8480
8480 8487
8487 8494
8494 8501
8501 8508
8508 8515
8515 8522
8522 8529
8529 8536
8536 8543
8543 8550
8550 8557
8557 8564
8564 8571
8571 8578
8578 8585
8585 8592
8592 8599
8599 8606
8606 8613
8613 8620
8620 8627
8627 8634
8634 8641
8641 8648
8648 8655
8655 8662
8662 8669
8669 8676
8676 8683
8683 8690
8690 8697
8697 8704
8704 8711
8711 8718
8718 8725
8725 8732
8732 8739
8739 8746
8746 8753
8753 8760
8760 8767
8767 8774
8774 8781
8781 8788
8788 8795
8795 8802
8802 8809
8809 8816
8816 8823
8823 8830
8830 8837
8837 8844
8844 8851
8851 8858
8858 8865
8865 8872
8872 8879
8879 8886
8886 8893
8893 8900
8900 8907
8907 8914
8914 8921
8921 8928
8928 8935
8935 8942
8942 8949
8949 8956
8956 8963
8963 8970
8970 8977
8977 8984
8984 8991
8991 8998
8998 9005
9005 9012
9012 9019
9019 9026
9026 9033
9033 9040
9040 9047
9047 9054
9054 9061
9061 9068
9068 9075
9075 9082
9082 9089
9089 9096
9096 9103
9103 9110
9110 9117
9117 9124
9124 9131
9131 9138
9138 9145
9145 9152
9152 9159
9159 9166
9166 9173
9173 9180
9180 9187
9187 9194
9194 9201
9201 9208
9208 9215
9215 9222
9222 9229
9229 9236
9236 9243
9243 9250
9250 9257
9257 9264
9264 9271
9271 9278
9278 9285
9285 9292
9292 9299
9299 9306
9306 9313
9313 9320
9320 9327
9327 9334
9334 9341
9341 9348
9348 9355
9355 9362
9362 9369
9369 9376
9376 9383
9383 9390
9390 9397
9397 9404
9404 9411
9411 9418
9418 9425
9425 9432
9432 9439
9439 9446
9446 9453
9453 9460
9460 9467
9467 9474
9474 9481
9481 9488
9488 9495
9495 9502
9502 9509
9509 9516
9516 9523
9523 9530
9530 9537
9537 9544
9544 9551
9551 9558
9558 9565
9565 9572
9572 9579
9579 9586
9586 9593
9593 9600
9600 9607
9607 9614
9614 9621
9621 9628
9628 9635
9635 9642
9642 9649
9649 9656
9656 9663
9663 9670
9670 9677
9677 9684
9684 9691
9691 9698
9698 9705
9705 9712
9712 9719
9719 9726
9726 9733
9733 9740
9740 9747
9747 9754
9754 9761
9761 9768
9768 9775
9775 9782
9782 9789
9789 9796
9796 9803
9803 9810
9810 9817
9817 9824
9824 9831
9831 9838
9838 9845
9845 9852
9852 9859
9859 9866
9866 9873
9873 9880
9880 9887
9887 9894
9894 9901
9901 9908
9908 9915
9915 9922
9922 9929
9929 9936
9936 9943
9943 9950
9950 9957
9957 9964
9964 9971
9971 9978
9978 9985
9985 9992
9992 9999
9999 6
6 13
13 20
20 27
27 34
34 41
41 48
48 55
55 62
62 69
69 76
76 83
83 90
90 97
97 104
104 111
111 118
118 125
125 132
132 139
139 146
146 153
153 160
160 167
167 174
174 181
181 188
188 195
195 202
202 209
209 216
216 223
223 230
230 237
237 244
244 251
251 258
258 265
265 272
272 279
279 286
286 293
293 300
300 307
307 314
314 321
321 328
328 335
335 342
342 349
349 356
356 363
363 370
370 377
377 384
384 391
391 398
398 405
405 412
412 419
419 426
426 433
433 440
440 447
447 454
454 461
461 468
468 475
475 482
482 489
489 496
496 503
503 510
510 517
517 524
524 531
531 538
538 545
545 552
552 559
559 566
566 573
573 580
580 587
587 594
594 601
601 608
608 615
615 622
622 629
629 636
636 643
643 650
650 657
657 664
664 671
671 678
678 685
685 692
692 699
699 706
706 713
713 720
720 727
727 734
734 741
741 748
748 755
755 762
762 769
769 776
776 783
783 790
790 797
797 804
804 811
811 818
818 825
825 832
832 839
839 846
846 853
853 860
860 867
867 874
874 881
881 888
888 895
895 902
902 909
909 916
916 923
923 930
930 937
937 944
944 951
951 958
958 965
965 972
972 979
979 986
986 993
993 1000
1000 1007
1007 1014
1014 1021
1021 1028
1028 1035
1035 1042
1042 1049
1049 1056
1056 1063
1063 1070
1070 1077
1077 1084
1084 1091
1091 1098
1098 1105
1105 1112
1112 1119
1119 1126
1126 1133
1133 1140
1140 1147
1147 1154
1154 1161
1161 1168
1168 1175
1175 1182
1182 1189
1189 1196
1196 1203
1203 1210
1210 1217
1217 1224
1224 1231
1231 1238
1238 1245
1245 1252
1252 1259
1259 1266
1266 1273
1273 1280
1280 1287
1287 1294
1294 1301
1301 1308
1308 1315
1315 1322
1322 1329
1329 1336
1336 1343
1343 1350
1350 1357
1357 1364
1364 1371
1371 1378
1378 1385
1385 1392
1392 1399
1399 1406
1406 1413
1413 1420
1420 1427
1427 1434
1434 1441
1441 1448
1448 1455
1455 1462
1462 1469
1469 1476
1476 1483
1483 1490
1490 1497
1497 1504
1504 1511
1511 1518
1518 1525
1525 1532
1532 1539
1539 1546
1546 1553
1553 1560
1560 1567
1567 1574
1574 1581
1581 1588
1588 1595
1595 1602
1602 1609
1609 1616
1616 1623
1623 1630
1630 1637
1637 1644
1644 1651
1651 1658
1658 1665
1665 1672
1672 1679
1679 1686
1686 1693
1693 1700
1700 1707
1707 1714
1714 1721
1721 1728
1728 1735
1735 1742
1742 1749
1749 1756
1756 1763
1763 1770
1770 1777
1777 1784
1784 1791
1791 1798
1798 1805
1805 1812
1812 1819
1819 1826
1826 1833
1833 1840
1840 1847
1847 1854
1854 1861
1861 1868
1868 1875
1875 1882
1882 1889
1889 1896
1896 1903
1903 1910
1910 1917
1917 1924
1924 1931
1931 1938
1938 1945
1945 1952
1952 1959
1959 1966
1966 1973
1973 1980
1980 1987
1987 1994
1994 2001
2001 2008
2008 2015
2015 2022
2022 2029
2029 2036
2036 2043
2043 2050
2050 2057
2057 2064
2064 2071
2071 2078
2078 2085
2085 2092
2092 2099
2099 2106
2106 2113
2113 2120
2120 2127
2127 2134
2134 2141
2141 2148
2148 2155
2155 2162
2162 2169
2169 2176
2176 2183
2183 2190
2190 2197
2197 2204
2204 2211
2211 2218
2218 2225
2225 2232
2232 2239
2239 2246
2246 2253
2253 2260
2260 2267
2267 2274
2274 2281
2281 2288
2288 2295
2295 2302
2302 2309
2309 2316
2316 2323
2323 2330
2330 2337
2337 2344
2344 2351
2351 2358
2358 2365
2365 2372
2372 2379
2379 2386
2386 2393
2393 2400
2400 2407
2407 2414
2414 2421
2421 2428
2428 2435
2435 2442
2442 2449
2449 2456
2456 2463
2463 2470
2470 2477
2477 2484
2484 2491
2491 2498
2498 2505
2505 2512
2512 2519
2519 2526
2526 2533
2533 2540
2540 2547
2547 2554
2554 2561
2561 2568
2568 2575
2575 2582
2582 2589
2589 2596
2596 2603
2603 2610
2610 2617
2617 2624
2624 2631
2631 2638
2638 2645
2645 2652
2652 2659
2659 2666
2666 2673
2673 2680
2680 2687
2687 2694
2694 2701
2701 2708
2708 2715
2715 2722
2722 2729
2729 2736
2736 2743
2743 2750
2750 2757
2757 2764
2764 2771
2771 2778
2778 2785
2785 2792
2792 2799
2799 2806
2806 2813
2813 2820
2820 2827
2827 2834
2834 2841
2841 2848
2848 2855
2855 2862
2862 2869
2869 2876
2876 2883
2883 2890
2890 2897
2897 2904
2904 2911
2911 2918
2918 2925
2925 2932
2932 2939
2939 2946
2946 2953
2953 2960
2960 2967
2967 2974
2974 2981
2981 2988
2988 2995
2995 3002
3002 3009
3009 3016
3016 3023
3023 3030
3030 3037
3037 3044
3044 3051
3051 3058
3058 3065
3065 3072
3072 3079
3079 3086
3086 3093
3093 3100
3100 3107
3107 3114
3114 3121
3121 3128
3128 3135
3135 3142
3142 3149
3149 3156
3156 3163
3163 3170
3170 3177
3177 3184
3184 3191
3191 3198
3198 3205
3205 3212
3212 3219
3219 3226
3226 3233
3233 3240
3240 3247
3247 3254
3254 3261
3261 3268
3268 3275
3275 3282
3282 3289
3289 3296
3296 3303
3303 3310
3310 3317
3317 3324
3324 3331
3331 3338
3338 3345
3345 3352
3352 3359
3359 3366
3366 3373
3373 3380
3380 3387
3387 3394
3394 3401
3401 3408
3408 3415
3415 3422
3422 3429
3429 3436
3436 3443
3443 3450
3450 3457
3457 3464
3464 3471
3471 3478
3478 3485
3485 3492
3492 3499
3499 3506
3506 3513
3513 3520
3520 3527
3527 3534
3534 3541
3541 3548
3548 3555
3555 3562
3562 3569
3569 3576
3576 3583
3583 3590
3590 3597
3597 3604
3604 3611
3611 3618
3618 3625
3625 3632
3632 3639
3639 3646
3646 3653
3653 3660
3660 3667
3667 3674
3674 3681
3681 3688
3688 3695
3695 3702
3702 3709
3709 3716
3716 3723
3723 3730
3730 3737
3737 3744
3744 3751
3751 3758
3758 3765
3765 3772
3772 3779
3779 3786
3786 3793
3793 3800
3800 3807
3807 3814
3814 3821
3821 3828
3828 3835
3835 3842
3842 3849
3849 3856
3856 3863
3863 3870
3870 3877
3877 3884
3884 3891
3891 3898
3898 3905
3905 3912
3912 3919
3919 3926
3926 3933
3933 3940
3940 3947
3947 3954
3954 3961
3961 3968
3968 3975
3975 3982
3982 3989
3989 3996
3996 4003
4003 4010
4010 4017
4017 4024
4024 4031
4031 4038
4038 4045
4045 4052
4052 4059
4059 4066
4066 4073
4073 4080
4080 4087
4087 4094
4094 4101
4101 4108
4108 4115
4115 4122
4122 4129
4129 4136
4136 4143
4143 4150
4150 4157
4157 4164
4164 4171
4171 4178
4178 4185
4185 4192
4192 4199
4199 4206
4206 4213
4213 4220
4220 4227
4227 4234
4234 4241
4241 4248
4248 4255
4255 4262
4262 4269
4269 4276
4276 4283
4283 4290
4290 4297
4297 4304
4304 4311
4311 4318
4318 4325
4325 4332
4332 4339
4339 4346
4346 4353
4353 4360
4360 4367
4367 4374
4374 4381
4381 4388
4388 4395
4395 4402
4402 4409
4409 4416
4416 4423
4423 4430
4430 4437
4437 4444
4444 4451
4451 4458
4458 4465
4465 4472
4472 4479
4479 4486
4486 4493
4493 4500
4500 4507
4507 4514
4514 4521
4521 4528
4528 4535
4535 4542
4542 4549
4549 4556
4556 4563
4563 4570
4570 4577
4577 4584
4584 4591
4591 4598
4598 4605
4605 4612
4612 4619
4619 4626
4626 4633
4633 4640
4640 4647
4647 4654
4654 4661
4661 4668
4668 4675
4675 4682
4682 4689
4689 4696
4696 4703
4703 4710
4710 4717
4717 4724
4724 4731
4731 4738
4738 4745
4745 4752
4752 4759
4759 4766
4766 4773
4773 4780
4780 4787
4787 4794
4794 4801
4801 4808
4808 4815
4815 4822
4822 4829
4829 4836
4836 4843
4843 4850
4850 4857
4857 4864
4864 4871
4871 4878
4878 4885
4885 4892
4892 4899
4899 4906
4906 4913
4913 4920
4920 4927
4927 4934
4934 4941
4941 4948
4948 4955
4955 4962
4962 4969
4969 4976
4976 4983
4983 4990
4990 4997
4997 5004
5004 5011
5011 5018
5018 5025
5025 5032
5032 5039
5039 5046
5046 5053
5053 5060
5060 5067
5067 5074
5074 5081
5081 5088
5088 5095
5095 5102
5102 5109
5109 5116
5116 5123
5123 5130
5130 5137
5137 5144
5144 5151
5151 5158
5158 5165
5165 5172
5172 5179
5179 5186
5186 5193
5193 5200
5200 5207
5207 5214
5214 5221
5221 5228
5228 5235
5235 5242
5242 5249
5249 5256
5256 5263
5263 5270
5270 5277
5277 5284
5284 5291
5291 5298
5298 5305
5305 5312
5312 5319
5319 5326
5326 5333
5333 5340
5340 5347
5347 5354
5354 5361
5361 5368
5368 5375
5375 5382
5382 5389
5389 5396
5396 5403
5403 5410
5410 5417
5417 5424
5424 5431
5431 5438
5438 5445
5445 5452
5452 5459
5459 5466
5466 5473
5473 5480
5480 5487
5487 5494
5494 5501
5501 5508
5508 5515
5515 5522
5522 5529
5529 5536
5536 5543
5543 5550
5550 5557
5557 5564
5564 5571
5571 5578
5578 5585
5585 5592
5592 5599
5599 5606
5606 5613
5613 5620
5620 5627
5627 5634
5634 5641
5641 5648
5648 5655
5655 5662
5662 5669
5669 5676
5676 5683
5683 5690
5690 5697
5697 5704
5704 5711
5711 5718
5718 5725
5725 5732
5732 5739
5739 5746
5746 5753
5753 5760
5760 5767
5767 5774
5774 5781
5781 5788
5788 5795
5795 5802
5802 5809
5809 5816
5816 5823
5823 5830
5830 5837
5837 5844
5844 5851
5851 5858
5858 5865
5865 5872
5872 5879
5879 5886
5886 5893
5893 5900
5900 5907
5907 5914
5914 5921
5921 5928
5928 5935
5935 5942
5942 5949
5949 5956
5956 5963
5963 5970
5970 5977
5977 5984
5984 5991
5991 5998
5998 6005
6005 6012
6012 6019
6019 6026
6026 6033
6033 6040
6040 6047
6047 6054
6054 6061
6061 6068
6068 6075
6075 6082
6082 6089
6089 6096
6096 6103
6103 6110
6110 6117
6117 6124
6124 6131
6131 6138
6138 6145
6145 6152
6152 6159
6159 6166
6166 6173
6173 6180
6180 6187
6187 6194
6194 6201
6201 6208
6208 6215
6215 6222
6222 6229
6229 6236
6236 6243
6243 6250
6250 6257
6257 6264
6264 6271
6271 6278
6278 6285
6285 6292
6292 6299
6299 6306
6306 6313
6313 6320
6320 6327
6327 6334
6334 6341
6341 6348
6348 6355
6355 6362
6362 6369
6369 6376
6376 6383
6383 6390
6390 6397
6397 6404
6404 6411
6411 6418
6418 6425
6425 6432
6432 6439
6439 6446
6446 6453
6453 6460
6460 6467
6467 6474
6474 6481
6481 6488
6488 6495
6495 6502
6502 6509
6509 6516
6516 6523
6523 6530
6530 6537
6537 6544
6544 6551
6551 6558
6558 6565
6565 6572
6572 6579
6579 6586
6586 6593
6593 6600
6600 6607
6607 6614
6614 6621
6621 6628
6628 6635
6635 6642
6642 6649
6649 6656
6656 6663
6663 6670
6670 6677
6677 6684
6684 6691
6691 6698
6698 6705
6705 6712
6712 6719
6719 6726
6726 6733
6733 6740
6740 6747
6747 6754
6754 6761
6761 6768
6768 6775
6775 6782
6782 6789
6789 6796
6796 6803
6803 6810
6810 6817
6817 6824
6824 6831
6831 6838
6838 6845
6845 6852
6852 6859
6859 6866
6866 6873
6873 6880
6880 6887
6887 6894
6894 6901
6901 6908
6908 6915
6915 6922
6922 6929
6929 6936
6936 6943
6943 6950
6950 6957
6957 6964
6964 6971
6971 6978
6978 6985
6985 6992
6992 6999
6999 7006
7006 7013
7013 7020
7020 7027
7027 7034
7034 7041
7041 7048
7048 7055
7055 7062
7062 7069
7069 7076
7076 7083
7083 7090
7090 7097
7097 7104
7104 7111
7111 7118
7118 7125
7125 7132
7132 7139
7139 7146
7146 7153
7153 7160
7160 7167
7167 7174
7174 7181
7181 7188
7188 7195
7195 7202
7202 7209
7209 7216
7216 7223
7223 7230
7230 7237
7237 7244
7244 7251
7251 7258
7258 7265
7265 7272
7272 7279
7279 7286
7286 7293
7293 7300
7300 7307
7307 7314
7314 7321
7321 7328
7328 7335
7335 7342
7342 7349
7349 7356
7356 7363
7363 7370
7370 7377
7377 7384
7384 7391
7391 7398
7398 7405
7405 7412
7412 7419
7419 7426
7426 7433
7433 7440
7440 7447
7447 7454
7454 7461
7461 7468
7468 7475
7475 7482
7482 7489
7489 7496
7496 7503
7503 7510
7510 7517
7517 7524
7524 7531
7531 7538
7538 7545
7545 7552
7552 7559
7559 7566
7566 7573
7573 7580
7580 7587
7587 7594
7594 7601
7601 7608
7608 7615
7615 7622
7622 7629
7629 7636
7636 7643
7643 7650
7650 7657
7657 7664
7664 7671
7671 7678
7678 7685
7685 7692
7692 7699
7699 7706
7706 7713
7713 7720
7720 7727
7727 7734
7734 7741
7741 7748
7748 7755
7755 7762
7762 7769
7769 7776
7776 7783
7783 7790
7790 7797
7797 7804
7804 7811
7811 7818
7818 7825
7825 7832
7832 7839
7839 7846
7846 7853
7853 7860
7860 7867
7867 7874
7874 7881
7881 7888
7888 7895
7895 7902
7902 7909
7909 7916
7916 7923
7923 7930
7930 7937
7937 7944
7944 7951
7951 7958
7958 7965
7965 7972
7972 7979
7979 7986
7986 7993
7993 8000
8000 8007
8007 8014
8014 8021
8021 8028
8028 8035
8035 8042
8042 8049
8049 8056
8056 8063
8063 8070
8070 8077
8077 8084
8084 8091
8091 8098
8098 8105
8105 8112
8112 8119
8119 8126
8126 8133
8133 8140
8140 8147
8147 8154
8154 8161
8161 8168
8168 8175
8175 8182
8182 8189
8189 8196
8196 8203
8203 8210
8210 8217
8217 8224
8224 8231
8231 8238
8238 8245
8245 8252
8252 8259
8259 8266
8266 8273
8273 8280
8280 8287
8287 8294
8294 8301
8301 8308
8308 8315
8315 8322
8322 8329
8329 8336
8336 8343
8343 8350
8350 8357
8357 8364
8364 8371
8371 8378
8378 8385
8385 8392
8392 8399
8399 8406
8406 8413
8413 8420
8420 8427
8427 8434
8434 8441
8441 8448
8448 8455
8455 8462
8462 8469
8469 8476
8476 8483
8483 8490
8490 8497
8497 8504
8504 8511
8511 8518
8518 8525
8525 8532
8532 8539
8539 8546
8546 8553
8553 8560
8560 8567
8567 8574
8574 8581
8581 8588
8588 8595
8595 8602
8602 8609
8609 8616
8616 8623
8623 8630
8630 8637
8637 8644
8644 8651
8651 8658
8658 8665
8665 8672
8672 8679
8679 8686
8686 8693
8693 8700
8700 8707
8707 8714
8714 8721
8721 8728
8728 8735
8735 8742
8742 8749
8749 8756
8756 8763
8763 8770
8770 8777
8777 8784
8784 8791
8791 8798
8798 8805
8805 8812
8812 8819
8819 8826
8826 8833
8833 8840
8840 8847
8847 8854
8854 8861
8861 8868
8868 8875
8875 8882
8882 8889
8889 8896
8896 8903
8903 8910
8910 8917
8917 8924
8924 8931
8931 8938
8938 8945
8945 8952
8952 8959
8959 8966
8966 8973
8973 8980
8980 8987
8987 8994
8994 9001
9001 9008
9008 9015
9015 9022
9022 9029
9029 9036
9036 9043
9043 9050
9050 9057
9057 9064
9064 9071
9071 9078
9078 9085
9085 9092
9092 9099
9099 9106
9106 9113
9113 9120
9120 9127
9127 9134
9134 9141
9141 9148
9148 9155
9155 9162
9162 9169
9169 9176
9176 9183
9183 9190
9190 9197
9197 9204
9204 9211
9211 9218
9218 9225
9225 9232
9232 9239
9239 9246
9246 9253
9253 9260
9260 9267
9267 9274
9274 9281
9281 9288
9288 9295
9295 9302
9302 9309
9309 9316
9316 9323
9323 9330
9330 9337
9337 9344
9344 9351
9351 9358
9358 9365
9365 9372
9372 9379
9379 9386
9386 9393
9393 9400
9400 9407
9407 9414
9414 9421
9421 9428
9428 9435
9435 9442
9442 9449
9449 9456
9456 9463
9463 9470
9470 9477
9477 9484
9484 9491
9491 9498
9498 9505
9505 9512
9512 9519
9519 9526
9526 9533
9533 9540
9540 9547
9547 9554
9554 9561
9561 9568
9568 9575
9575 9582
9582 9589
9589 9596
9596 9603
9603 9610
9610 9617
9617 9624
9624 9631
9631 9638
9638 9645
9645 9652
9652 9659
9659 9666
9666 9673
9673 9680
9680 9687
9687 9694
9694 9701
9701 9708
9708 9715
9715 9722
9722 9729
9729 9736
9736 9743
9743 9750
9750 9757
9757 9764
9764 9771
9771 9778
9778 9785
9785 9792
9792 9799
9799 9806
9806 9813
9813 9820
9820 9827
9827 9834
9834 9841
9841 9848
9848 9855
9855 9862
9862 9869
9869 9876
9876 9883
9883 9890
9890 9897
9897 9904
9904 9911
9911 9918
9918 9925
9925 9932
9932 9939
9939 9946
9946 9953
9953 9960
9960 9967
9967 9974
9974 9981
9981 9988
9988 9995
9995 2
2 9
9 16
16 23
23 30
30 37
37 44
44 51
51 58
58 65
65 72
72 79
79 86
86 93
93 100
100 107
107 114
114 121
121 128
128 135
135 142
142 149
149 156
156 163
163 170
170 177
177 184
184 191
191 198
198 205
205 212
212 219
219 226
226 233
233 240
240 247
247 254
254 261
261 268
268 275
275 282
282 289
289 296
296 303
303 310
310 317
317 324
324 331
331 338
338 345
345 352
352 359
359 366
366 373
373 380
380 387
387 394
394 401
401 408
408 415
415 422
422 429
429 436
436 443
443 450
450 457
457 464
464 471
471 478
478 485
485 492
492 499
499 506
506 513
513 520
520 527
527 534
534 541
541 548
548 555
555 562
562 569
569 576
576 583
583 590
590 597
597 604
604 611
611 618
618 625
625 632
632 639
639 646
646 653
653 660
660 667
667 674
674 681
681 688
688 695
695 702
702 709
709 716
716 723
723 730
730 737
737 744
744 751
751 758
758 765
765 772
772 779
779 786
786 793
793 800
800 807
807 814
814 821
821 828
828 835
835 842
842 849
849 856
856 863
863 870
870 877
877 884
884 891
891 898
898 905
905 912
912 919
919 926
926 933
933 940
940 947
947 954
954 961
961 968
968 975
975 982
982 989
989 996
996 1003
1003 1010
1010 1017
1017 1024
1024 1031
1031 1038
1038 1045
1045 1052
1052 1059
1059 1066
1066 1073
1073 1080
1080 1087
1087 1094
1094 1101
1101 1108
1108 1115
1115 1122
1122 1129
1129 1136
1136 1143
1143 1150
1150 1157
1157 1164
1164 1171
1171 1178
1178 1185
1185 1192
1192 1199
1199 1206
1206 1213
1213 1220
1220 1227
1227 1234
1234 1241
1241 1248
1248 1255
1255 1262
1262 1269
1269 1276
1276 1283
1283 1290
1290 1297
1297 1304
1304 1311
1311 1318
1318 1325
1325 1332
1332 1339
1339 1346
1346 1353
1353 1360
1360 1367
1367 1374
1374 1381
1381 1388
1388 1395
1395 1402
1402 1409
1409 1416
1416 1423
1423 1430
1430 1437
1437 1444
1444 1451
1451 1458
1458 1465
1465 1472
1472 1479
1479 1486
1486 1493
1493 1500
1500 1507
1507 1514
1514 1521
1521 1528
1528 1535
1535 1542
1542 1549
1549 1556
1556 1563
1563 1570
1570 1577
1577 1584
1584 1591
1591 1598
1598 1605
1605 1612
1612 1619
1619 1626
1626 1633
1633 1640
1640 1647
1647 1654
1654 1661
1661 1668
1668 1675
1675 1682
1682 1689
1689 1696
1696 1703
1703 1710
1710 1717
1717 1724
1724 1731
1731 1738
1738 1745
1745 1752
1752 1759
1759 1766
1766 1773
1773 1780
1780 1787
1787 1794
1794 1801
1801 1808
1808 1815
1815 1822
1822 1829
1829 1836
1836 1843
1843 1850
1850 1857
1857 1864
1864 1871
1871 1878
1878 1885
1885 1892
1892 1899
1899 1906
1906 1913
1913 1920
1920 1927
1927 1934
1934 1941
1941 1948
1948 1955
1955 1962
1962 1969
1969 1976
1976 1983
1983 1990
1990 1997
1997 2004
2004 2011
2011 2018
2018 2025
2025 2032
2032 2039
2039 2046
2046 2053
2053 2060
2060 2067
2067 2074
2074 2081
2081 2088
2088 2095
2095 2102
2102 2109
2109 2116
2116 2123
2123 2130
2130 2137
2137 2144
2144 2151
2151 2158
2158 2165
2165 2172
2172 2179
2179 2186
2186 2193
2193 2200
2200 2207
2207 2214
2214 2221
2221 2228
2228 2235
2235 2242
2242 2249
2249 2256
2256 2263
2263 2270
2270 2277
2277 2284
2284 2291
2291 2298
2298 2305
2305 2312
2312 2319
2319 2326
2326 2333
2333 2340
2340 2347
2347 2354
2354 2361
2361 2368
2368 2375
2375 2382
2382 2389
2389 2396
2396 2403
2403 2410
2410 2417
2417 2424
2424 2431
2431 2438
2438 2445
2445 2452
2452 2459
2459 2466
2466 2473
2473 2480
2480 2487
2487 2494
2494 2501
2501 2508
2508 2515
2515 2522
2522 2529
2529 2536
2536 2543
2543 2550
2550 2557
2557 2564
2564 2571
2571 2578
2578 2585
2585 2592
2592 2599
2599 2606
2606 2613
2613 2620
2620 2627
2627 2634
2634 2641
2641 2648
2648 2655
2655 2662
2662 2669
2669 2676
2676 2683
2683 2690
2690 2697
2697 2704
2704 2711
2711 2718
2718 2725
2725 2732
2732 2739
2739 2746
2746 2753
2753 2760
2760 2767
2767 2774
2774 2781
2781 2788
2788 2795
2795 2802
2802 2809
2809 2816
2816 2823
2823 2830
2830 2837
2837 2844
2844 2851
2851 2858
2858 2865
2865 2872
2872 2879
2879 2886
2886 2893
2893 2900
2900 2907
2907 2914
2914 2921
2921 2928
2928 2935
2935 2942
2942 2949
2949 2956
2956 2963
2963 2970
2970 2977
2977 2984
2984 2991
2991 2998
2998 3005
3005 3012
3012 3019
3019 3026
3026 3033
3033 3040
3040 3047
3047 3054
3054 3061
3061 3068
3068 3075
3075 3082
3082 3089
3089 3096
3096 3103
3103 3110
3110 3117
3117 3124
3124 3131
3131 3138
3138 3145
3145 3152
3152 3159
3159 3166
3166 3173
3173 3180
3180 3187
3187 3194
3194 3201
3201 3208
3208 3215
3215 3222
3222 3229
3229 3236
3236 3243
3243 3250
3250 3257
3257 3264
3264 3271
3271 3278
3278 3285
3285 3292
3292 3299
3299 3306
3306 3313
3313 3320
3320 3327
3327 3334
3334 3341
3341 3348
3348 3355
3355 3362
3362 3369
3369 3376
3376 3383
3383 3390
3390 3397
3397 3404
3404 3411
3411 3418
3418 3425
3425 3432
3432 3439
3439 3446
3446 3453
3453 3460
3460 3467
3467 3474
3474 3481
3481 3488
3488 3495
3495 3502
3502 3509
3509 3516
3516 3523
3523 3530
3530 3537
3537 3544
3544 3551
3551 3558
3558 3565
3565 3572
3572 3579
3579 3586
3586 3593
3593 3600
3600 3607
3607 3614
3614 3621
3621 3628
3628 3635
3635 3642
3642 3649
3649 3656
3656 3663
3663 3670
3670 3677
3677 3684
3684 3691
3691 3698
3698 3705
3705 3712
3712 3719
3719 3726
3726 3733
3733 3740
3740 3747
3747 3754
3754 3761
3761 3768
3768 3775
3775 3782
3782 3789
3789 3796
3796 3803
3803 3810
3810 3817
3817 3824
3824 3831
3831 3838
3838 3845
3845 3852
3852 3859
3859 3866
3866 3873
3873 3880
3880 3887
3887 3894
3894 3901
3901 3908
3908 3915
3915 3922
3922 3929
3929 3936
3936 3943
3943 3950
3950 3957
3957 3964
3964 3971
3971 3978
3978 3985
3985 3992
3992 3999
3999 4006
4006 4013
4013 4020
4020 4027
4027 4034
4034 4041
4041 4048
4048 4055
4055 4062
4062 4069
4069 4076
4076 4083
4083 4090
4090 4097
4097 4104
4104 4111
4111 4118
4118 4125
4125 4132
4132 4139
4139 4146
4146 4153
4153 4160
4160 4167
4167 4174
4174 4181
4181 4188
4188 4195
4195 4202
4202 4209
4209 4216
4216 4223
4223 4230
4230 4237
4237 4244
4244 4251
4251 4258
4258 4265
4265 4272
4272 4279
4279 4286
4286 4293
4293 4300
4300 4307
4307 4314
4314 4321
4321 4328
4328 4335
4335 4342
4342 4349
4349 4356
4356 4363
4363 4370
4370 4377
4377 4384
4384 4391
4391 4398
4398 4405
4405 4412
4412 4419
4419 4426
4426 4433
4433 4440
4440 4447
4447 4454
4454 4461
4461 4468
4468 4475
4475 4482
4482 4489
4489 4496
4496 4503
4503 4510
4510 4517
4517 4524
4524 4531
4531 4538
4538 4545
4545 4552
4552 4559
4559 4566
4566 4573
4573 4580
4580 4587
4587 4594
4594 4601
4601 4608
4608 4615
4615 4622
4622 4629
4629 4636
4636 4643
4643 4650
4650 4657
4657 4664
4664 4671
4671 4678
4678 4685
4685 4692
4692 4699
4699 4706
4706 4713
4713 4720
4720 4727
4727 4734
4734 4741
4741 4748
4748 4755
4755 4762
4762 4769
4769 4776
4776 4783
4783 4790
4790 4797
4797 4804
4804 4811
4811 4818
4818 4825
4825 4832
4832 4839
4839 4846
4846 4853
4853 4860
4860 4867
4867 4874
4874 4881
4881 4888
4888 4895
4895 4902
4902 4909
4909 4916
4916 4923
4923 4930
4930 4937
4937 4944
4944 4951
4951 4958
4958 4965
4965 4972
4972 4979
4979 4986
4986 4993
4993 5000
5000 5007
5007 5014
5014 5021
5021 5028
5028 5035
5035 5042
5042 5049
5049 5056
5056 5063
5063 5070
5070 5077
5077 5084
5084 5091
5091 5098
5098 5105
5105 5112
5112 5119
5119 5126
5126 5133
5133 5140
5140 5147
5147 5154
5154 5161
5161 5168
5168 5175
5175 5182
5182 5189
5189 5196
5196 5203
5203 5210
5210 5217
5217 5224
5224 5231
5231 5238
5238 5245
5245 5252
5252 5259
5259 5266
5266 5273
5273 5280
5280 5287
5287 5294
5294 5301
5301 5308
5308 5315
5315 5322
5322 5329
5329 5336
5336 5343
5343 5350
5350 5357
5357 5364
5364 5371
5371 5378
5378 5385
5385 5392
5392 5399
5399 5406
5406 5413
5413 5420
5420 5427
5427 5434
5434 5441
5441 5448
5448 5455
5455 5462
5462 5469
5469 5476
5476 5483
5483 5490
5490 5497
5497 5504
5504 5511
5511 5518
5518 5525
5525 5532
5532 5539
5539 5546
5546 5553
5553 5560
5560 5567
5567 5574
5574 5581
5581 5588
5588 5595
5595 5602
5602 5609
5609 5616
5616 5623
5623 5630
5630 5637
5637 5644
5644 5651
5651 5658
5658 5665
5665 5672
5672 5679
5679 5686
5686 5693
5693 5700
5700 5707
5707 5714
5714 5721
5721 5728
5728 5735
5735 5742
5742 5749
5749 5756
5756 5763
5763 5770
5770 5777
5777 5784
5784 5791
5791 5798
5798 5805
5805 5812
5812 5819
5819 5826
5826 5833
5833 5840
5840 5847
5847 5854
5854 5861
5861 5868
5868 5875
5875 5882
5882 5889
5889 5896
5896 5903
5903 5910
5910 5917
5917 5924
5924 5931
5931 5938
5938 5945
5945 5952
5952 5959
5959 5966
5966 5973
5973 5980
5980 5987
5987 5994
5994 6001
6001 6008
6008 6015
6015 6022
6022 6029
6029 6036
6036 6043
6043 6050
6050 6057
6057 6064
6064 6071
6071 6078
6078 6085
6085 6092
6092 6099
6099 6106
6106 6113
6113 6120
6120 6127
6127 6134
6134 6141
6141 6148
6148 6155
6155 6162
6162 6169
6169 6176
6176 6183
6183 6190
6190 6197
6197 6204
6204 6211
6211 6218
6218 6225
6225 6232
6232 6239
6239 6246
6246 6253
6253 6260
6260 6267
6267 6274
6274 6281
6281 6288
6288 6295
6295 6302
6302 6309
6309 6316
6316 6323
6323 6330
6330 6337
6337 6344
6344 6351
6351 6358
6358 6365
6365 6372
6372 6379
6379 6386
6386 6393
6393 6400
6400 6407
6407 6414
6414 6421
6421 6428
6428 6435
6435 6442
6442 6449
6449 6456
6456 6463
6463 6470
6470 6477
6477 6484
6484 6491
6491 6498
6498 6505
6505 6512
6512 6519
6519 6526
6526 6533
6533 6540
6540 6547
6547 6554
6554 6561
6561 6568
6568 6575
6575 6582
6582 6589
6589 6596
6596 6603
6603 6610
6610 6617
6617 6624
6624 6631
6631 6638
6638 6645
6645 6652
6652 6659
6659 6666
6666 6673
6673 6680
6680 6687
6687 6694
6694 6701
6701 6708
6708 6715
6715 6722
6722 6729
6729 6736
6736 6743
6743 6750
6750 6757
6757 6764
6764 6771
6771 6778
6778 6785
6785 6792
6792 6799
6799 6806
6806 6813
6813 6820
6820 6827
6827 6834
6834 6841
6841 6848
6848 6855
6855 6862
6862 6869
6869 6876
6876 6883
6883 6890
6890 6897
6897 6904
6904 6911
6911 6918
6918 6925
6925 6932
6932 6939
6939 6946
6946 6953
6953 6960
6960 6967
6967 6974
6974 6981
6981 6988
6988 6995
6995 7002
7002 7009
7009 7016
7016 7023
7023 7030
7030 7037
7037 7044
7044 7051
7051 7058
7058 7065
7065 7072
7072 7079
7079 7086
7086 7093
7093 7100
7100 7107
7107 7114
7114 7121
7121 7128
7128 7135
7135 7142
7142 7149
7149 7156
7156 7163
7163 7170
7170 7177
7177 7184
7184 7191
7191 7198
7198 7205
7205 7212
7212 7219
7219 7226
7226 7233
7233 7240
7240 7247
7247 7254
7254 7261
7261 7268
7268 7275
7275 7282
7282 7289
7289 7296
7296 7303
7303 7310
7310 7317
7317 7324
7324 7331
7331 7338
7338 7345
7345 7352
7352 7359
7359 7366
7366 7373
7373 7380
7380 7387
7387 7394
7394 7401
7401 7408
7408 7415
7415 7422
7422 7429
7429 7436
7436 7443
7443 7450
7450 7457
7457 7464
7464 7471
7471 7478
7478 7485
7485 7492
7492 7499
7499 7506
7506 7513
7513 7520
7520 7527
7527 7534
7534 7541
7541 7548
7548 7555
7555 7562
7562 7569
7569 7576
7576 7583
7583 7590
7590 7597
7597 7604
7604 7611
7611 7618
7618 7625
7625 7632
7632 7639
7639 7646
7646 7653
7653 7660
7660 7667
7667 7674
7674 7681
7681 7688
7688 7695
7695 7702
7702 7709
7709 7716
7716 7723
7723 7730
7730 7737
7737 7744
7744 7751
7751 7758
7758 7765
7765 7772
7772 7779
7779 7786
7786 7793
7793 7800
7800 7807
7807 7814
7814 7821
7821 7828
7828 7835
7835 7842
7842 7849
7849 7856
7856 7863
7863 7870
7870 7877
7877 7884
7884 7891
7891 7898
7898 7905
7905 7912
7912 7919
7919 7926
7926 7933
7933 7940
7940 7947
7947 7954
7954 7961
7961 7968
7968 7975
7975 7982
7982 7989
7989 7996
7996 8003
8003 8010
8010 8017
8017 8024
8024 8031
8031 8038
8038 8045
8045 8052
8052 8059
8059 8066
8066 8073
8073 8080
8080 8087
8087 8094
8094 8101
8101 8108
8108 8115
8115 8122
8122 8129
8129 8136
8136 8143
8143 8150
8150 8157
8157 8164
8164 8171
8171 8178
8178 8185
8185 8192
8192 8199
8199 8206
8206 8213
8213 8220
8220 8227
8227 8234
8234 8241
8241 8248
8248 8255
8255 8262
8262 8269
8269 8276
8276 8283
8283 8290
8290 8297
8297 8304
8304 8311
8311 8318
8318 8325
8325 8332
8332 8339
8339 8346
8346 8353
8353 8360
8360 8367
8367 8374
8374 8381
8381 8388
8388 8395
8395 8402
8402 8409
8409 8416
8416 8423
8423 8430
8430 8437
8437 8444
8444 8451
8451 8458
8458 8465
8465 8472
8472 8479
8479 8486
8486 8493
8493 8500
8500 8507
8507 8514
8514 8521
8521 8528
8528 8535
8535 8542
8542 8549
8549 8556
8556 8563
8563 8570
8570 8577
8577 8584
8584 8591
8591 8598
8598 8605
8605 8612
8612 8619
8619 8626
8626 8633
8633 8640
8640 8647
8647 8654
8654 8661
8661 8668
8668 8675
8675 8682
8682 8689
8689 8696
8696 8703
8703 8710
8710 8717
8717 8724
8724 8731
8731 8738
8738 8745
8745 8752
8752 8759
8759 8766
8766 8773
8773 8780
8780 8787
8787 8794
8794 8801
8801 8808
8808 8815
8815 8822
8822 8829
8829 8836
8836 8843
8843 8850
8850 8857
8857 8864
8864 8871
8871 8878
8878 8885
8885 8892
8892 8899
8899 8906
8906 8913
8913 8920
8920 8927
8927 8934
8934 8941
8941 8948
8948 8955
8955 8962
8962 8969
8969 8976
8976 8983
8983 8990
8990 8997
8997 9004
9004 9011
9011 9018
9018 9025
9025 9032
9032 9039
9039 9046
9046 9053
9053 9060
9060 9067
9067 9074
9074 9081
9081 9088
9088 9095
9095 9102
9102 9109
9109 9116
9116 9123
9123 9130
9130 9137
9137 9144
9144 9151
9151 9158
9158 9165
9165 9172
9172 9179
9179 9186
9186 9193
9193 9200
9200 9207
9207 9214
9214 9221
9221 9228
9228 9235
9235 9242
9242 9249
9249 9256
9256 9263
9263 9270
9270 9277
9277 9284
9284 9291
9291 9298
9298 9305
9305 9312
9312 9319
9319 9326
9326 9333
9333 9340
9340 9347
9347 9354
9354 9361
9361 9368
9368 9375
9375 9382
9382 9389
9389 9396
9396 9403
9403 9410
9410 9417
9417 9424
9424 9431
9431 9438
9438 9445
9445 9452
9452 9459
9459 9466
9466 9473
9473 9480
9480 9487
9487 9494
9494 9501
9501 9508
9508 9515
9515 9522
9522 9529
9529 9536
9536 9543
9543 9550
9550 9557
9557 9564
9564 9571
9571 9578
9578 9585
9585 9592
9592 9599
9599 9606
9606 9613
9613 9620
9620 9627
9627 9634
9634 9641
9641 9648
9648 9655
9655 9662
9662 9669
9669 9676
9676 9683
9683 9690
9690 9697
9697 9704
9704 9711
9711 9718
9718 9725
9725 9732
9732 9739
9739 9746
9746 9753
9753 9760
9760 9767
9767 9774
9774 9781
9781 9788
9788 9795
9795 9802
9802 9809
9809 9816
9816 9823
9823 9830
9830 9837
9837 9844
9844 9851
9851 9858
9858 9865
9865 9872
9872 9879
9879 9886
9886 9893
9893 9900
9900 9907
9907 9914
9914 9921
9921 9928
9928 9935
9935 9942
9942 9949
9949 9956
9956 9963
9963 9970
9970 9977
9977 9984
9984 9991
9991 9998
9998 5
5 12
12 19
19 26
26 33
33 40
40 47
47 54
54 61
61 68
68 75
75 82
82 89
89 96
96 103
103 110
110 117
117 124
124 131
131 138
138 145
145 152
152 159
159 166
166 173
173 180
180 187
187 194
194 201
201 208
208 215
215 222
222 229
229 236
236 243
243 250
250 257
257 264
264 271
271 278
278 285
285 292
292 299
299 306
306 313
313 320
320 327
327 334
334 341
341 348
348 355
355 362
362 369
369 376
376 383
383 390
390 397
397 404
404 411
411 418
418 425
425 432
432 439
439 446
446 453
453 460
460 467
467 474
474 481
481 488
488 495
495 502
502 509
509 516
516 523
523 530
530 537
537 544
544 551
551 558
558 565
565 572
572 579
579 586
586 593
593 600
600 607
607 614
614 621
621 628
628 635
635 642
642 649
649 656
656 663
663 670
670 677
677 684
684 691
691 698
698 705
705 712
712 719
719 726
726 733
733 740
740 747
747 754
754 761
761 768
768 775
775 782
782 789
789 796
796 803
803 810
810 817
817 824
824 831
831 838
838 845
845 852
852 859
859 866
866 873
873 880
880 887
887 894
894 901
901 908
908 915
915 922
922 929
929 936
936 943
943 950
950 957
957 964
964 971
971 978
978 985
985 992
992 999
999 1006
1006 1013
1013 1020
1020 1027
1027 1034
1034 1041
1041 1048
1048 1055
1055 1062
1062 1069
1069 1076
1076 1083
1083 1090
1090 1097
1097 1104
1104 1111
1111 1118
1118 1125
1125 1132
1132 1139
1139 1146
1146 1153
1153 1160
1160 1167
1167 1174
1174 1181
1181 1188
1188 1195
1195 1202
1202 1209
1209 1216
1216 1223
1223 1230
1230 1237
1237 1244
1244 1251
1251 1258
1258 1265
1265 1272
1272 1279
1279 1286
1286 1293
1293 1300
1300 1307
1307 1314
1314 1321
1321 1328
1328 1335
1335 1342
1342 1349
1349 1356
1356 1363
1363 1370
1370 1377
1377 1384
1384 1391
1391 1398
1398 1405
1405 1412
1412 1419
1419 1426
1426 1433
1433 1440
1440 1447
1447 1454
1454 1461
1461 1468
1468 1475
1475 1482
1482 1489
1489 1496
1496 1503
1503 1510
1510 1517
1517 1524
1524 1531
1531 1538
1538 1545
1545 1552
1552 1559
1559 1566
1566 1573
1573 1580
1580 1587
1587 1594
1594 1601
1601 1608
1608 1615
1615 1622
1622 1629
1629 1636
1636 1643
1643 1650
1650 1657
1657 1664
1664 1671
1671 1678
1678 1685
1685 1692
1692 1699
1699 1706
1706 1713
1713 1720
1720 1727
1727 1734
1734 1741
1741 1748
1748 1755
1755 1762
1762 1769
1769 1776
1776 1783
1783 1790
1790 1797
1797 1804
1804 1811
1811 1818
1818 1825
1825 1832
1832 1839
1839 1846
1846 1853
1853 1860
1860 1867
1867 1874
1874 1881
1881 1888
1888 1895
1895 1902
1902 1909
1909 1916
1916 1923
1923 1930
1930 1937
1937 1944
1944 1951
1951 1958
1958 1965
1965 1972
1972 1979
1979 1986
1986 1993
1993 2000
2000 2007
2007 2014
2014 2021
2021 2028
2028 2035
2035 2042
2042 2049
2049 2056
2056 2063
2063 2070
2070 2077
2077 2084
2084 2091
2091 2098
2098 2105
2105 2112
2112 2119
2119 2126
2126 2133
2133 2140
2140 2147
2147 2154
2154 2161
2161 2168
2168 2175
2175 2182
2182 2189
2189 2196
2196 2203
2203 2210
2210 2217
2217 2224
2224 2231
2231 2238
2238 2245
2245 2252
2252 2259
2259 2266
2266 2273
2273 2280
2280 2287
2287 2294
2294 2301
2301 2308
2308 2315
2315 2322
2322 2329
2329 2336
2336 2343
2343 2350
2350 2357
2357 2364
2364 2371
2371 2378
2378 2385
2385 2392
2392 2399
2399 2406
2406 2413
2413 2420
2420 2427
2427 2434
2434 2441
2441 2448
2448 2455
2455 2462
2462 2469
2469 2476
2476 2483
2483 2490
2490 2497
2497 2504
2504 2511
2511 2518
2518 2525
2525 2532
2532 2539
2539 2546
2546 2553
2553 2560
2560 2567
2567 2574
2574 2581
2581 2588
2588 2595
2595 2602
2602 2609
2609 2616
2616 2623
2623 2630
2630 2637
2637 2644
2644 2651
2651 2658
2658 2665
2665 2672
2672 2679
2679 2686
2686 2693
2693 2700
2700 2707
2707 2714
2714 2721
2721 2728
2728 2735
2735 2742
2742 2749
2749 2756
2756 2763
2763 2770
2770 2777
2777 2784
2784 2791
2791 2798
2798 2805
2805 2812
2812 2819
2819 2826
2826 2833
2833 2840
2840 2847
2847 2854
2854 2861
2861 2868
2868 2875
2875 2882
2882 2889
2889 2896
2896 2903
2903 2910
2910 2917
2917 2924
2924 2931
2931 2938
2938 2945
2945 2952
2952 2959
2959 2966
2966 2973
2973 2980
2980 2987
2987 2994
2994 3001
3001 3008
3008 3015
3015 3022
3022 3029
3029 3036
3036 3043
3043 3050
3050 3057
3057 3064
3064 3071
3071 3078
3078 3085
3085 3092
3092 3099
3099 3106
3106 3113
3113 3120
3120 3127
3127 3134
3134 3141
3141 3148
3148 3155
3155 3162
3162 3169
3169 3176
3176 3183
3183 3190
3190 3197
3197 3204
3204 3211
3211 3218
3218 3225
3225 3232
3232 3239
3239 3246
3246 3253
3253 3260
3260 3267
3267 3274
3274 3281
3281 3288
3288 3295
3295 3302
3302 3309
3309 3316
3316 3323
3323 3330
3330 3337
3337 3344
3344 3351
3351 3358
3358 3365
3365 3372
3372 3379
3379 3386
3386 3393
3393 3400
3400 3407
3407 3414
3414 3421
3421 3428
3428 3435
3435 3442
3442 3449
3449 3456
3456 3463
3463 3470
3470 3477
3477 3484
3484 3491
3491 3498
3498 3505
3505 3512
3512 3519
3519 3526
3526 3533
3533 3540
3540 3547
3547 3554
3554 3561
3561 3568
3568 3575
3575 3582
3582 3589
3589 3596
3596 3603
3603 3610
3610 3617
3617 3624
3624 3631
3631 3638
3638 3645
3645 3652
3652 3659
3659 3666
3666 3673
3673 3680
3680 3687
3687 3694
3694 3701
3701 3708
3708 3715
3715 3722
3722 3729
3729 3736
3736 3743
3743 3750
3750 3757
3757 3764
3764 3771
3771 3778
3778 3785
3785 3792
3792 3799
3799 3806
3806 3813
3813 3820
3820 3827
3827 3834
3834 3841
3841 3848
3848 3855
3855 3862
3862 3869
3869 3876
3876 3883
3883 3890
3890 3897
3897 3904
3904 3911
3911 3918
3918 3925
3925 3932
3932 3939
3939 3946
3946 3953
3953 3960
3960 3967
3967 3974
3974 3981
3981 3988
3988 3995
3995 4002
4002 4009
4009 4016
4016 4023
4023 4030
4030 4037
4037 4044
4044 4051
4051 4058
4058 4065
4065 4072
4072 4079
4079 4086
4086 4093
4093 4100
4100 4107
4107 4114
4114 4121
4121 4128
4128 4135
4135 4142
4142 4149
4149 4156
4156 4163
4163 4170
4170 4177
4177 4184
4184 4191
4191 4198
4198 4205
4205 4212
4212 4219
4219 4226
4226 4233
4233 4240
4240 4247
4247 4254
4254 4261
4261 4268
4268 4275
4275 4282
4282 4289
4289 4296
4296 4303
4303 4310
4310 4317
4317 4324
4324 4331
4331 4338
4338 4345
4345 4352
4352 4359
4359 4366
4366 4373
4373 4380
4380 4387
4387 4394
4394 4401
4401 4408
4408 4415
4415 4422
4422 4429
4429 4436
4436 4443
4443 4450
4450 4457
4457 4464
4464 4471
4471 4478
4478 4485
4485 4492
4492 4499
4499 4506
4506 4513
4513 4520
4520 4527
4527 4534
4534 4541
4541 4548
4548 4555
4555 4562
4562 4569
4569 4576
4576 4583
4583 4590
4590 4597
4597 4604
4604 4611
4611 4618
4618 4625
4625 4632
4632 4639
4639 4646
4646 4653
4653 4660
4660 4667
4667 4674
4674 4681
4681 4688
4688 4695
4695 4702
4702 4709
4709 4716
4716 4723
4723 4730
4730 4737
4737 4744
4744 4751
4751 4758
4758 4765
4765 4772
4772 4779
4779 4786
4786 4793
4793 4800
4800 4807
4807 4814
4814 4821
4821 4828
4828 4835
4835 4842
4842 4849
4849 4856
4856 4863
4863 4870
4870 4877
4877 4884
4884 4891
4891 4898
4898 4905
4905 4912
4912 4919
4919 4926
4926 4933
4933 4940
4940 4947
4947 4954
4954 4961
4961 4968
4968 4975
4975 4982
4982 4989
4989 4996
4996 5003
5003 5010
5010 5017
5017 5024
5024 5031
5031 5038
5038 5045
5045 5052
5052 5059
5059 5066
5066 5073
5073 5080
5080 5087
5087 5094
5094 5101
5101 5108
5108 5115
5115 5122
5122 5129
5129 5136
5136 5143
5143 5150
5150 5157
5157 5164
5164 5171
5171 5178
5178 5185
5185 5192
5192 5199
5199 5206
5206 5213
5213 5220
5220 5227
5227 5234
5234 5241
5241 5248
5248 5255
5255 5262
5262 5269
5269 5276
5276 5283
5283 5290
5290 5297
5297 5304
5304 5311
5311 5318
5318 5325
5325 5332
5332 5339
5339 5346
5346 5353
5353 5360
5360 5367
5367 5374
5374 5381
5381 5388
5388 5395
5395 5402
5402 5409
5409 5416
5416 5423
5423 5430
5430 5437
5437 5444
5444 5451
5451 5458
5458 5465
5465 5472
5472 5479
5479 5486
5486 5493
5493 5500
5500 5507
5507 5514
5514 5521
5521 5528
5528 5535
5535 5542
5542 5549
5549 5556
5556 5563
5563 5570
5570 5577
5577 5584
5584 5591
5591 5598
5598 5605
5605 5612
5612 5619
5619 5626
5626 5633
5633 5640
5640 5647
5647 5654
5654 5661
5661 5668
5668 5675
5675 5682
5682 5689
5689 5696
5696 5703
5703 5710
5710 5717
5717 5724
5724 5731
5731 5738
5738 5745
5745 5752
5752 5759
5759 5766
5766 5773
5773 5780
5780 5787
5787 5794
5794 5801
5801 5808
5808 5815
5815 5822
5822 5829
5829 5836
5836 5843
5843 5850
5850 5857
5857 5864
5864 5871
5871 5878
5878 5885
5885 5892
5892 5899
5899 5906
5906 5913
5913 5920
5920 5927
5927 5934
5934 5941
5941 5948
5948 5955
5955 5962
5962 5969
5969 5976
5976 5983
5983 5990
5990 5997
5997 6004
6004 6011
6011 6018
6018 6025
6025 6032
6032 6039
6039 6046
6046 6053
6053 6060
6060 6067
6067 6074
6074 6081
6081 6088
6088 6095
6095 6102
6102 6109
6109 6116
6116 6123
6123 6130
6130 6137
6137 6144
6144 6151
6151 6158
6158 6165
6165 6172
6172 6179
6179 6186
6186 6193
6193 6200
6200 6207
6207 6214
6214 6221
6221 6228
6228 6235
6235 6242
6242 6249
6249 6256
6256 6263
6263 6270
6270 6277
6277 6284
6284 6291
6291 6298
6298 6305
6305 6312
6312 6319
6319 6326
6326 6333
6333 6340
6340 6347
6347 6354
6354 6361
6361 6368
6368 6375
6375 6382
6382 6389
6389 6396
6396 6403
6403 6410
6410 6417
6417 6424
6424 6431
6431 6438
6438 6445
6445 6452
6452 6459
6459 6466
6466 6473
6473 6480
6480 6487
6487 6494
6494 6501
6501 6508
6508 6515
6515 6522
6522 6529
6529 6536
6536 6543
6543 6550
6550 6557
6557 6564
6564 6571
6571 6578
6578 6585
6585 6592
6592 6599
6599 6606
6606 6613
6613 6620
6620 6627
6627 6634
6634 6641
6641 6648
6648 6655
6655 6662
6662 6669
6669 6676
6676 6683
6683 6690
6690 6697
6697 6704
6704 6711
6711 6718
6718 6725
6725 6732
6732 6739
6739 6746
6746 6753
6753 6760
6760 6767
6767 6774
6774 6781
6781 6788
6788 6795
6795 6802
6802 6809
6809 6816
6816 6823
6823 6830
6830 6837
6837 6844
6844 6851
6851 6858
6858 6865
6865 6872
6872 6879
6879 6886
6886 6893
6893 6900
6900 6907
6907 6914
6914 6921
6921 6928
6928 6935
6935 6942
6942 6949
6949 6956
6956 6963
6963 6970
6970 6977
6977 6984
6984 6991
6991 6998
6998 7005
7005 7012
7012 7019
7019 7026
7026 7033
7033 7040
7040 7047
7047 7054
7054 7061
7061 7068
7068 7075
7075 7082
7082 7089
7089 7096
7096 7103
7103 7110
7110 7117
7117 7124
7124 7131
7131 7138
7138 7145
7145 7152
7152 7159
7159 7166
7166 7173
7173 7180
7180 7187
7187 7194
7194 7201
7201 7208
7208 7215
7215 7222
7222 7229
7229 7236
7236 7243
7243 7250
7250 7257
7257 7264
7264 7271
7271 7278
7278 7285
7285 7292
7292 7299
7299 7306
7306 7313
7313 7320
7320 7327
7327 7334
7334 7341
7341 7348
7348 7355
7355 7362
7362 7369
7369 7376
7376 7383
7383 7390
7390 7397
7397 7404
7404 7411
7411 7418
7418 7425
7425 7432
7432 7439
7439 7446
7446 7453
7453 7460
7460 7467
7467 7474
7474 7481
7481 7488
7488 7495
7495 7502
7502 7509
7509 7516
7516 7523
7523 7530
7530 7537
7537 7544
7544 7551
7551 7558
7558 7565
7565 7572
7572 7579
7579 7586
7586 7593
7593 7600
7600 7607
7607 7614
7614 7621
7621 7628
7628 7635
7635 7642
7642 7649
7649 7656
7656 7663
7663 7670
7670 7677
7677 7684
7684 7691
7691 7698
7698 7705
7705 7712
7712 7719
7719 7726
7726 7733
7733 7740
7740 7747
7747 7754
7754 7761
7761 7768
7768 7775
7775 7782
7782 7789
7789 7796
7796 7803
7803 7810
7810 7817
7817 7824
7824 7831
7831 7838
7838 7845
7845 7852
7852 7859
7859 7866
7866 7873
7873 7880
7880 7887
7887 7894
7894 7901
7901 7908
7908 7915
7915 7922
7922 7929
7929 7936
7936 7943
7943 7950
7950 7957
7957 7964
7964 7971
7971 7978
7978 7985
7985 7992
7992 7999
7999 8006
8006 8013
8013 8020
8020 8027
8027 8034
8034 8041
8041 8048
8048 8055
8055 8062
8062 8069
8069 8076
8076 8083
8083 8090
8090 8097
8097 8104
8104 8111
8111 8118
8118 8125
8125 8132
8132 8139
8139 8146
8146 8153
8153 8160
8160 8167
8167 8174
8174 8181
8181 8188
8188 8195
8195 8202
8202 8209
8209 8216
8216 8223
8223 8230
8230 8237
8237 8244
8244 8251
8251 8258
8258 8265
8265 8272
8272 8279
8279 8286
8286 8293
8293 8300
8300 8307
8307 8314
8314 8321
8321 8328
8328 8335
8335 8342
8342 8349
8349 8356
8356 8363
8363 8370
8370 8377
8377 8384
8384 8391
8391 8398
8398 8405
8405 8412
8412 8419
8419 8426
8426 8433
8433 8440
8440 8447
8447 8454
8454 8461
8461 8468
8468 8475
8475 8482
8482 8489
8489 8496
8496 8503
8503 8510
8510 8517
8517 8524
8524 8531
8531 8538
8538 8545
8545 8552
8552 8559
8559 8566
8566 8573
8573 8580
8580 8587
8587 8594
8594 8601
8601 8608
8608 8615
8615 8622
8622 8629
8629 8636
8636 8643
8643 8650
8650 8657
8657 8664
8664 8671
8671 8678
8678 8685
8685 8692
8692 8699
8699 8706
8706 8713
8713 8720
8720 8727
8727 8734
8734 8741
8741 8748
8748 8755
8755 8762
8762 8769
8769 8776
8776 8783
8783 8790
8790 8797
8797 8804
8804 8811
8811 8818
8818 8825
8825 8832
8832 8839
8839 8846
8846 8853
8853 8860
8860 8867
8867 8874
8874 8881
8881 8888
8888 8895
8895 8902
8902 8909
8909 8916
8916 8923
8923 8930
8930 8937
8937 8944
8944 8951
8951 8958
8958 8965
8965 8972
8972 8979
8979 8986
8986 8993
8993 9000
9000 9007
9007 9014
9014 9021
9021 9028
9028 9035
9035 9042
9042 9049
9049 9056
9056 9063
9063 9070
9070 9077
9077 9084
9084 9091
9091 9098
9098 9105
9105 9112
9112 9119
9119 9126
9126 9133
9133 9140
9140 9147
9147 9154
9154 9161
9161 9168
9168 9175
9175 9182
9182 9189
9189 9196
9196 9203
9203 9210
9210 9217
9217 9224
9224 9231
9231 9238
9238 9245
9245 9252
9252 9259
9259 9266
9266 9273
9273 9280
9280 9287
9287 9294
9294 9301
9301 9308
9308 9315
9315 9322
9322 9329
9329 9336
9336 9343
9343 9350
9350 9357
9357 9364
9364 9371
9371 9378
9378 9385
9385 9392
9392 9399
9399 9406
9406 9413
9413 9420
9420 9427
9427 9434
9434 9441
9441 9448
9448 9455
9455 9462
9462 9469
9469 9476
9476 9483
9483 9490
9490 9497
9497 9504
9504 9511
9511 9518
9518 9525
9525 9532
9532 9539
9539 9546
9546 9553
9553 9560
9560 9567
9567 9574
9574 9581
9581 9588
9588 9595
9595 9602
9602 9609
9609 9616
9616 9623
9623 9630
9630 9637
9637 9644
9644 9651
9651 9658
9658 9665
9665 9672
9672 9679
9679 9686
9686 9693
9693 9700
9700 9707
9707 9714
9714 9721
9721 9728
9728 9735
9735 9742
9742 9749
9749 9756
9756 9763
9763 9770
9770 9777
9777 9784
9784 9791
9791 9798
9798 9805
9805 9812
9812 9819
9819 9826
9826 9833
9833 9840
9840 9847
9847 9854
9854 9861
9861 9868
9868 9875
9875 9882
9882 9889
9889 9896
9896 9903
9903 9910
9910 9917
9917 9924
9924 9931
9931 9938
9938 9945
9945 9952
9952 9959
9959 9966
9966 9973
9973 9980
9980 9987
9987 9994
9994 1
1 8
8 15
15 22
22 29
29 36
36 43
43 50
50 57
57 64
64 71
71 78
78 85
85 92
92 99
99 106
106 113
113 120
120 127
127 134
134 141
141 148
148 155
155 162
162 169
169 176
176 183
183 190
190 197
197 204
204 211
211 218
218 225
225 232
232 239
239 246
246 253
253 260
260 267
267 274
274 281
281 288
288 295
295 302
302 309
309 316
316 323
323 330
330 337
337 344
344 351
351 358
358 365
365 372
372 379
379 386
386 393
393 400
400 407
407 414
414 421
421 428
428 435
435 442
442 449
449 456
456 463
463 470
470 477
477 484
484 491
491 498
498 505
505 512
512 519
519 526
526 533
533 540
540 547
547 554
554 561
561 568
568 575
575 582
582 589
589 596
596 603
603 610
610 617
617 624
624 631
631 638
638 645
645 652
652 659
659 666
666 673
673 680
680 687
687 694
694 701
701 708
708 715
715 722
722 729
729 736
736 743
743 750
750 757
757 764
764 771
771 778
778 785
785 792
792 799
799 806
806 813
813 820
820 827
827 834
834 841
841 848
848 855
855 862
862 869
869 876
876 883
883 890
890 897
897 904
904 911
911 918
918 925
925 932
932 939
939 946
946 953
953 960
960 967
967 974
974 981
981 988
988 995
995 1002
1002 1009
1009 1016
1016 1023
1023 1030
1030 1037
1037 1044
1044 1051
1051 1058
1058 1065
1065 1072
1072 1079
1079 1086
1086 1093
1093 1100
1100 1107
1107 1114
1114 1121
1121 1128
1128 1135
1135 1142
1142 1149
1149 1156
1156 1163
1163 1170
1170 1177
1177 1184
1184 1191
1191 1198
1198 1205
1205 1212
1212 1219
1219 1226
1226 1233
1233 1240
1240 1247
1247 1254
1254 1261
1261 1268
1268 1275
1275 1282
1282 1289
1289 1296
1296 1303
1303 1310
1310 1317
1317 1324
1324 1331
1331 1338
1338 1345
1345 1352
1352 1359
1359 1366
1366 1373
1373 1380
1380 1387
1387 1394
1394 1401
1401 1408
1408 1415
1415 1422
1422 1429
1429 1436
1436 1443
1443 1450
1450 1457
1457 1464
1464 1471
1471 1478
1478 1485
1485 1492
1492 1499
1499 1506
1506 1513
1513 1520
1520 1527
1527 1534
1534 1541
1541 1548
1548 1555
1555 1562
1562 1569
1569 1576
1576 1583
1583 1590
1590 1597
1597 1604
1604 1611
1611 1618
1618 1625
1625 1632
1632 1639
1639 1646
1646 1653
1653 1660
1660 1667
1667 1674
1674 1681
1681 1688
1688 1695
1695 1702
1702 1709
1709 1716
1716 1723
1723 1730
1730 1737
1737 1744
1744 1751
1751 1758
1758 1765
1765 1772
1772 1779
1779 1786
1786 1793
1793 1800
1800 1807
1807 1814
1814 1821
1821 1828
1828 1835
1835 1842
1842 1849
1849 1856
1856 1863
1863 1870
1870 1877
1877 1884
1884 1891
1891 1898
1898 1905
1905 1912
1912 1919
1919 1926
1926 1933
1933 1940
1940 1947
1947 1954
1954 1961
1961 1968
1968 1975
1975 1982
1982 1989
1989 1996
1996 2003
2003 2010
2010 2017
2017 2024
2024 2031
2031 2038
2038 2045
2045 2052
2052 2059
2059 2066
2066 2073
2073 2080
2080 2087
2087 2094
2094 2101
2101 2108
2108 2115
2115 2122
2122 2129
2129 2136
2136 2143
2143 2150
2150 2157
2157 2164
2164 2171
2171 2178
2178 2185
2185 2192
2192 2199
2199 2206
2206 2213
2213 2220
2220 2227
2227 2234
2234 2241
2241 2248
2248 2255
2255 2262
2262 2269
2269 2276
2276 2283
2283 2290
2290 2297
2297 2304
2304 2311
2311 2318
2318 2325
2325 2332
2332 2339
2339 2346
2346 2353
2353 2360
2360 2367
2367 2374
2374 2381
2381 2388
2388 2395
2395 2402
2402 2409
2409 2416
2416 2423
2423 2430
2430 2437
2437 2444
2444 2451
2451 2458
2458 2465
2465 2472
2472 2479
2479 2486
2486 2493
2493 2500
2500 2507
2507 2514
2514 2521
2521 2528
2528 2535
2535 2542
2542 2549
2549 2556
2556 2563
2563 2570
2570 2577
2577 2584
2584 2591
2591 2598
2598 2605
2605 2612
2612 2619
2619 2626
2626 2633
2633 2640
2640 2647
2647 2654
2654 2661
2661 2668
2668 2675
2675 2682
2682 2689
2689 2696
2696 2703
2703 2710
2710 2717
2717 2724
2724 2731
2731 2738
2738 2745
2745 2752
2752 2759
2759 2766
2766 2773
2773 2780
2780 2787
2787 2794
2794 2801
2801 2808
2808 2815
2815 2822
2822 2829
2829 2836
2836 2843
2843 2850
2850 2857
2857 2864
2864 2871
2871 2878
2878 2885
2885 2892
2892 2899
2899 2906
2906 2913
2913 2920
2920 2927
2927 2934
2934 2941
2941 2948
2948 2955
2955 2962
2962 2969
2969 2976
2976 2983
2983 2990
2990 2997
2997 3004
3004 3011
3011 3018
3018 3025
3025 3032
3032 3039
3039 3046
3046 3053
3053 3060
3060 3067
3067 3074
3074 3081
3081 3088
3088 3095
3095 3102
3102 3109
3109 3116
3116 3123
3123 3130
3130 3137
3137 3144
3144 3151
3151 3158
3158 3165
3165 3172
3172 3179
3179 3186
3186 3193
3193 3200
3200 3207
3207 3214
3214 3221
3221 3228
3228 3235
3235 3242
3242 3249
3249 3256
3256 3263
3263 3270
3270 3277
3277 3284
3284 3291
3291 3298
3298 3305
3305 3312
3312 3319
3319 3326
3326 3333
3333 3340
3340 3347
3347 3354
3354 3361
3361 3368
3368 3375
3375 3382
3382 3389
3389 3396
3396 3403
3403 3410
3410 3417
3417 3424
3424 3431
3431 3438
3438 3445
3445 3452
3452 3459
3459 3466
3466 3473
3473 3480
3480 3487
3487 3494
3494 3501
3501 3508
3508 3515
3515 3522
3522 3529
3529 3536
3536 3543
3543 3550
3550 3557
3557 3564
3564 3571
3571 3578
3578 3585
3585 3592
3592 3599
3599 3606
3606 3613
3613 3620
3620 3627
3627 3634
3634 3641
3641 3648
3648 3655
3655 3662
3662 3669
3669 3676
3676 3683
3683 3690
3690 3697
3697 3704
3704 3711
3711 3718
3718 3725
3725 3732
3732 3739
3739 3746
3746 3753
3753 3760
3760 3767
3767 3774
3774 3781
3781 3788
3788 3795
3795 3802
3802 3809
3809 3816
3816 3823
3823 3830
3830 3837
3837 3844
3844 3851
3851 3858
3858 3865
3865 3872
3872 3879
3879 3886
3886 3893
3893 3900
3900 3907
3907 3914
3914 3921
3921 3928
3928 3935
3935 3942
3942 3949
3949 3956
3956 3963
3963 3970
3970 3977
3977 3984
3984 3991
3991 3998
3998 4005
4005 4012
4012 4019
4019 4026
4026 4033
4033 4040
4040 4047
4047 4054
4054 4061
4061 4068
4068 4075
4075 4082
4082 4089
4089 4096
4096 4103
4103 4110
4110 4117
4117 4124
4124 4131
4131 4138
4138 4145
4145 4152
4152 4159
4159 4166
4166 4173
4173 4180
4180 4187
4187 4194
4194 4201
4201 4208
4208 4215
4215 4222
4222 4229
4229 4236
4236 4243
4243 4250
4250 4257
4257 4264
4264 4271
4271 4278
4278 4285
4285 4292
4292 4299
4299 4306
4306 4313
4313 4320
4320 4327
4327 4334
4334 4341
4341 4348
4348 4355
4355 4362
4362 4369
4369 4376
4376 4383
4383 4390
4390 4397
4397 4404
4404 4411
4411 4418
4418 4425
4425 4432
4432 4439
4439 4446
4446 4453
4453 4460
4460 4467
4467 4474
4474 4481
4481 4488
4488 4495
4495 4502
4502 4509
4509 4516
4516 4523
4523 4530
4530 4537
4537 4544
4544 4551
4551 4558
4558 4565
4565 4572
4572 4579
4579 4586
4586 4593
4593 4600
4600 4607
4607 4614
4614 4621
4621 4628
4628 4635
4635 4642
4642 4649
4649 4656
4656 4663
4663 4670
4670 4677
4677 4684
4684 4691
4691 4698
4698 4705
4705 4712
4712 4719
4719 4726
4726 4733
4733 4740
4740 4747
4747 4754
4754 4761
4761 4768
4768 4775
4775 4782
4782 4789
4789 4796
4796 4803
4803 4810
4810 4817
4817 4824
4824 4831
4831 4838
4838 4845
4845 4852
4852 4859
4859 4866
4866 4873
4873 4880
4880 4887
4887 4894
4894 4901
4901 4908
4908 4915
4915 4922
4922 4929
4929 4936
4936 4943
4943 4950
4950 4957
4957 4964
4964 4971
4971 4978
4978 4985
4985 4992
4992 4999
4999 5006
5006 5013
5013 5020
5020 5027
5027 5034
5034 5041
5041 5048
5048 5055
5055 5062
5062 5069
5069 5076
5076 5083
5083 5090
5090 5097
5097 5104
5104 5111
5111 5118
5118 5125
5125 5132
5132 5139
5139 5146
5146 5153
5153 5160
5160 5167
5167 5174
5174 5181
5181 5188
5188 5195
5195 5202
5202 5209
5209 5216
5216 5223
5223 5230
5230 5237
5237 5244
5244 5251
5251 5258
5258 5265
5265 5272
5272 5279
5279 5286
5286 5293
5293 5300
5300 5307
5307 5314
5314 5321
5321 5328
5328 5335
5335 5342
5342 5349
5349 5356
5356 5363
5363 5370
5370 5377
5377 5384
5384 5391
5391 5398
5398 5405
5405 5412
5412 5419
5419 5426
5426 5433
5433 5440
5440 5447
5447 5454
5454 5461
5461 5468
5468 5475
5475 5482
5482 5489
5489 5496
5496 5503
5503 5510
5510 5517
5517 5524
5524 5531
5531 5538
5538 5545
5545 5552
5552 5559
5559 5566
5566 5573
5573 5580
5580 5587
5587 5594
5594 5601
5601 5608
5608 5615
5615 5622
5622 5629
5629 5636
5636 5643
5643 5650
5650 5657
5657 5664
5664 5671
5671 5678
5678 5685
5685 5692
5692 5699
5699 5706
5706 5713
5713 5720
5720 5727
5727 5734
5734 5741
5741 5748
5748 5755
5755 5762
5762 5769
5769 5776
5776 5783
5783 5790
5790 5797
5797 5804
5804 5811
5811 5818
5818 5825
5825 5832
5832 5839
5839 5846
5846 5853
5853 5860
5860 5867
5867 5874
5874 5881
5881 5888
5888 5895
5895 5902
5902 5909
5909 5916
5916 5923
5923 5930
5930 5937
5937 5944
5944 5951
5951 5958
5958 5965
5965 5972
5972 5979
5979 5986
5986 5993
5993 6000
6000 6007
6007 6014
6014 6021
6021 6028
6028 6035
6035 6042
6042 6049
6049 6056
6056 6063
6063 6070
6070 6077
6077 6084
6084 6091
6091 6098
6098 6105
6105 6112
6112 6119
6119 6126
6126 6133
6133 6140
6140 6147
6147 6154
6154 6161
6161 6168
6168 6175
6175 6182
6182 6189
6189 6196
6196 6203
6203 6210
6210 6217
6217 6224
6224 6231
6231 6238
6238 6245
6245 6252
6252 6259
6259 6266
6266 6273
6273 6280
6280 6287
6287 6294
6294 6301
6301 6308
6308 6315
6315 6322
6322 6329
6329 6336
6336 6343
6343 6350
6350 6357
6357 6364
6364 6371
6371 6378
6378 6385
6385 6392
6392 6399
6399 6406
6406 6413
6413 6420
6420 6427
6427 6434
6434 6441
6441 6448
6448 6455
6455 6462
6462 6469
6469 6476
6476 6483
6483 6490
6490 6497
6497 6504
6504 6511
6511 6518
6518 6525
6525 6532
6532 6539
6539 6546
6546 6553
6553 6560
6560 6567
6567 6574
6574 6581
6581 6588
6588 6595
6595 6602
6602 6609
6609 6616
6616 6623
6623 6630
6630 6637
6637 6644
6644 6651
6651 6658
6658 6665
6665 6672
6672 6679
6679 6686
6686 6693
6693 6700
6700 6707
6707 6714
6714 6721
6721 6728
6728 6735
6735 6742
6742 6749
6749 6756
6756 6763
6763 6770
6770 6777
6777 6784
6784 6791
6791 6798
6798 6805
6805 6812
6812 6819
6819 6826
6826 6833
6833 6840
6840 6847
6847 6854
6854 6861
6861 6868
6868 6875
6875 6882
6882 6889
6889 6896
6896 6903
6903 6910
6910 6917
6917 6924
6924 6931
6931 6938
6938 6945
6945 6952
6952 6959
6959 6966
6966 6973
6973 6980
6980 6987
6987 6994
6994 7001
7001 7008
7008 7015
7015 7022
7022 7029
7029 7036
7036 7043
7043 7050
7050 7057
7057 7064
7064 7071
7071 7078
7078 7085
7085 7092
7092 7099
7099 7106
7106 7113
7113 7120
7120 7127
7127 7134
7134 7141
7141 7148
7148 7155
7155 7162
7162 7169
7169 7176
7176 7183
7183 7190
7190 7197
7197 7204
7204 7211
7211 7218
7218 7225
7225 7232
7232 7239
7239 7246
7246 7253
7253 7260
7260 7267
7267 7274
7274 7281
7281 7288
7288 7295
7295 7302
7302 7309
7309 7316
7316 7323
7323 7330
7330 7337
7337 7344
7344 7351
7351 7358
7358 7365
7365 7372
7372 7379
7379 7386
7386 7393
7393 7400
7400 7407
7407 7414
7414 7421
7421 7428
7428 7435
7435 7442
7442 7449
7449 7456
7456 7463
7463 7470
7470 7477
7477 7484
7484 7491
7491 7498
7498 7505
7505 7512
7512 7519
7519 7526
7526 7533
7533 7540
7540 7547
7547 7554
7554 7561
7561 7568
7568 7575
7575 7582
7582 7589
7589 7596
7596 7603
7603 7610
7610 7617
7617 7624
7624 7631
7631 7638
7638 7645
7645 7652
7652 7659
7659 7666
7666 7673
7673 7680
7680 7687
7687 7694
7694 7701
7701 7708
7708 7715
7715 7722
7722 7729
7729 7736
7736 7743
7743 7750
7750 7757
7757 7764
7764 7771
7771 7778
7778 7785
7785 7792
7792 7799
7799 7806
7806 7813
7813 7820
7820 7827
7827 7834
7834 7841
7841 7848
7848 7855
7855 7862
7862 7869
7869 7876
7876 7883
7883 7890
7890 7897
7897 7904
7904 7911
7911 7918
7918 7925
7925 7932
7932 7939
7939 7946
7946 7953
7953 7960
7960 7967
7967 7974
7974 7981
7981 7988
7988 7995
7995 8002
8002 8009
8009 8016
8016 8023
8023 8030
8030 8037
8037 8044
8044 8051
8051 8058
8058 8065
8065 8072
8072 8079
8079 8086
8086 8093
8093 8100
8100 8107
8107 8114
8114 8121
8121 8128
8128 8135
8135 8142
8142 8149
8149 8156
8156 8163
8163 8170
8170 8177
8177 8184
8184 8191
8191 8198
8198 8205
8205 8212
8212 8219
8219 8226
8226 8233
8233 8240
8240 8247
8247 8254
8254 8261
8261 8268
8268 8275
8275 8282
8282 8289
8289 8296
8296 8303
8303 8310
8310 8317
8317 8324
8324 8331
8331 8338
8338 8345
8345 8352
8352 8359
8359 8366
8366 8373
8373 8380
8380 8387
8387 8394
8394 8401
8401 8408
8408 8415
8415 8422
8422 8429
8429 8436
8436 8443
8443 8450
8450 8457
8457 8464
8464 8471
8471 8478
8478 8485
8485 8492
8492 8499
8499 8506
8506 8513
8513 8520
8520 8527
8527 8534
8534 8541
8541 8548
8548 8555
8555 8562
8562 8569
8569 8576
8576 8583
8583 8590
8590 8597
8597 8604
8604 8611
8611 8618
8618 8625
8625 8632
8632 8639
8639 8646
8646 8653
8653 8660
8660 8667
8667 8674
8674 8681
8681 8688
8688 8695
8695 8702
8702 8709
8709 8716
8716 8723
8723 8730
8730 8737
8737 8744
8744 8751
8751 8758
8758 8765
8765 8772
8772 8779
8779 8786
8786 8793
8793 8800
8800 8807
8807 8814
8814 8821
8821 8828
8828 8835
8835 8842
8842 8849
8849 8856
8856 8863
8863 8870
8870 8877
8877 8884
8884 8891
8891 8898
8898 8905
8905 8912
8912 8919
8919 8926
8926 8933
8933 8940
8940 8947
8947 8954
8954 8961
8961 8968
8968 8975
8975 8982
8982 8989
8989 8996
8996 9003
9003 9010
9010 9017
9017 9024
9024 9031
9031 9038
9038 9045
9045 9052
9052 9059
9059 9066
9066 9073
9073 9080
9080 9087
9087 9094
9094 9101
9101 9108
9108 9115
9115 9122
9122 9129
9129 9136
9136 9143
9143 9150
9150 9157
9157 9164
9164 9171
9171 9178
9178 9185
9185 9192
9192 9199
9199 9206
9206 9213
9213 9220
9220 9227
9227 9234
9234 9241
9241 9248
9248 9255
9255 9262
9262 9269
9269 9276
9276 9283
9283 9290
9290 9297
9297 9304
9304 9311
9311 9318
9318 9325
9325 9332
9332 9339
9339 9346
9346 9353
9353 9360
9360 9367
9367 9374
9374 9381
9381 9388
9388 9395
9395 9402
9402 9409
9409 9416
9416 9423
9423 9430
9430 9437
9437 9444
9444 9451
9451 9458
9458 9465
9465 9472
9472 9479
9479 9486
9486 9493
9493 9500
9500 9507
9507 9514
9514 9521
9521 9528
9528 9535
9535 9542
9542 9549
9549 9556
9556 9563
9563 9570
9570 9577
9577 9584
9584 9591
9591 9598
9598 9605
9605 9612
9612 9619
9619 9626
9626 9633
9633 9640
9640 9647
9647 9654
9654 9661
9661 9668
9668 9675
9675 9682
9682 9689
9689 9696
9696 9703
9703 9710
9710 9717
9717 9724
9724 9731
9731 9738
9738 9745
9745 9752
9752 9759
9759 9766
9766 9773
9773 9780
9780 9787
9787 9794
9794 9801
9801 9808
9808 9815
9815 9822
9822 9829
9829 9836
9836 9843
9843 9850
9850 9857
9857 9864
9864 9871
9871 9878
9878 9885
9885 9892
9892 9899
9899 9906
9906 9913
9913 9920
9920 9927
9927 9934
9934 9941
9941 9948
9948 9955
9955 9962
9962 9969
9969 9976
9976 9983
9983 9990
9990 9997
9997 4
4 11
11 18
18 25
25 32
32 39
39 46
46 53
53 60
60 67
67 74
74 81
81 88
88 95
95 102
102 109
109 116
116 123
123 130
130 137
137 144
144 151
151 158
158 165
165 172
172 179
179 186
186 193
193 200
200 207
207 214
214 221
221 228
228 235
235 242
242 249
249 256
256 263
263 270
270 277
277 284
284 291
291 298
298 305
305 312
312 319
319 326
326 333
333 340
340 347
347 354
354 361
361 368
368 375
375 382
382 389
389 396
396 403
403 410
410 417
417 424
424 431
431 438
438 445
445 452
452 459
459 466
466 473
473 480
480 487
487 494
494 501
501 508
508 515
515 522
522 529
529 536
536 543
543 550
550 557
557 564
564 571
571 578
578 585
585 592
592 599
599 606
606 613
613 620
620 627
627 634
634 641
641 648
648 655
655 662
662 669
669 676
676 683
683 690
690 697
697 704
704 711
711 718
718 725
725 732
732 739
739 746
746 753
753 760
760 767
767 774
774 781
781 788
788 795
795 802
802 809
809 816
816 823
823 830
830 837
837 844
844 851
851 858
858 865
865 872
872 879
879 886
886 893
893 900
900 907
907 914
914 921
921 928
928 935
935 942
942 949
949 956
956 963
963 970
970 977
977 984
984 991
991 998
998 1005
1005 1012
1012 1019
1019 1026
1026 1033
1033 1040
1040 1047
1047 1054
1054 1061
1061 1068
1068 1075
1075 1082
1082 1089
1089 1096
1096 1103
1103 1110
1110 1117
1117 1124
1124 1131
1131 1138
1138 1145
1145 1152
1152 1159
1159 1166
1166 1173
1173 1180
1180 1187
1187 1194
1194 1201
1201 1208
1208 1215
1215 1222
1222 1229
1229 1236
1236 1243
1243 1250
1250 1257
1257 1264
1264 1271
1271 1278
1278 1285
1285 1292
1292 1299
1299 1306
1306 1313
1313 1320
1320 1327
1327 1334
1334 1341
1341 1348
1348 1355
1355 1362
1362 1369
1369 1376
1376 1383
1383 1390
1390 1397
1397 1404
1404 1411
1411 1418
1418 1425
1425 1432
1432 1439
1439 1446
1446 1453
1453 1460
1460 1467
1467 1474
1474 1481
1481 1488
1488 1495
1495 1502
1502 1509
1509 1516
1516 1523
1523 1530
1530 1537
1537 1544
1544 1551
1551 1558
1558 1565
1565 1572
1572 1579
1579 1586
1586 1593
1593 1600
1600 1607
1607 1614
1614 1621
1621 1628
1628 1635
1635 1642
1642 1649
1649 1656
1656 1663
1663 1670
1670 1677
1677 1684
1684 1691
1691 1698
1698 1705
1705 1712
1712 1719
1719 1726
1726 1733
1733 1740
1740 1747
1747 1754
1754 1761
1761 1768
1768 1775
1775 1782
1782 1789
1789 1796
1796 1803
1803 1810
1810 1817
1817 1824
1824 1831
1831 1838
1838 1845
1845 1852
1852 1859
1859 1866
1866 1873
1873 1880
1880 1887
1887 1894
1894 1901
1901 1908
1908 1915
1915 1922
1922 1929
1929 1936
1936 1943
1943 1950
1950 1957
1957 1964
1964 1971
1971 1978
1978 1985
1985 1992
1992 1999
1999 2006
2006 2013
2013 2020
2020 2027
2027 2034
2034 2041
2041 2048
2048 2055
2055 2062
2062 2069
2069 2076
2076 2083
2083 2090
2090 2097
2097 2104
2104 2111
2111 2118
2118 2125
2125 2132
2132 2139
2139 2146
2146 2153
2153 2160
2160 2167
2167 2174
2174 2181
2181 2188
2188 2195
2195 2202
2202 2209
2209 2216
2216 2223
2223 2230
2230 2237
2237 2244
2244 2251
2251 2258
2258 2265
2265 2272
2272 2279
2279 2286
2286 2293
2293 2300
2300 2307
2307 2314
2314 2321
2321 2328
2328 2335
2335 2342
2342 2349
2349 2356
2356 2363
2363 2370
2370 2377
2377 2384
2384 2391
2391 2398
2398 2405
2405 2412
2412 2419
2419 2426
2426 2433
2433 2440
2440 2447
2447 2454
2454 2461
2461 2468
2468 2475
2475 2482
2482 2489
2489 2496
2496 2503
2503 2510
2510 2517
2517 2524
2524 2531
2531 2538
2538 2545
2545 2552
2552 2559
2559 2566
2566 2573
2573 2580
2580 2587
2587 2594
2594 2601
2601 2608
2608 2615
2615 2622
2622 2629
2629 2636
2636 2643
2643 2650
2650 2657
2657 2664
2664 2671
2671 2678
2678 2685
2685 2692
2692 2699
2699 2706
2706 2713
2713 2720
2720 2727
2727 2734
2734 2741
2741 2748
2748 2755
2755 2762
2762 2769
2769 2776
2776 2783
2783 2790
2790 2797
2797 2804
2804 2811
2811 2818
2818 2825
2825 2832
2832 2839
2839 2846
2846 2853
2853 2860
2860 2867
2867 2874
2874 2881
2881 2888
2888 2895
2895 2902
2902 2909
2909 2916
2916 2923
2923 2930
2930 2937
2937 2944
2944 2951
2951 2958
2958 2965
2965 2972
2972 2979
2979 2986
2986 2993
2993 3000
3000 3007
3007 3014
3014 3021
3021 3028
3028 3035
3035 3042
3042 3049
3049 3056
3056 3063
3063 3070
3070 3077
3077 3084
3084 3091
3091 3098
3098 3105
3105 3112
3112 3119
3119 3126
3126 3133
3133 3140
3140 3147
3147 3154
3154 3161
3161 3168
3168 3175
3175 3182
3182 3189
3189 3196
3196 3203
3203 3210
3210 3217
3217 3224
3224 3231
3231 3238
3238 3245
3245 3252
3252 3259
3259 3266
3266 3273
3273 3280
3280 3287
3287 3294
3294 3301
3301 3308
3308 3315
3315 3322
3322 3329
3329 3336
3336 3343
3343 3350
3350 3357
3357 3364
3364 3371
3371 3378
3378 3385
3385 3392
3392 3399
3399 3406
3406 3413
3413 3420
3420 3427
3427 3434
3434 3441
3441 3448
3448 3455
3455 3462
3462 3469
3469 3476
3476 3483
3483 3490
3490 3497
3497 3504
3504 3511
3511 3518
3518 3525
3525 3532
3532 3539
3539 3546
3546 3553
3553 3560
3560 3567
3567 3574
3574 3581
3581 3588
3588 3595
3595 3602
3602 3609
3609 3616
3616 3623
3623 3630
3630 3637
3637 3644
3644 3651
3651 3658
3658 3665
3665 3672
3672 3679
3679 3686
3686 3693
3693 3700
3700 3707
3707 3714
3714 3721
3721 3728
3728 3735
3735 3742
3742 3749
3749 3756
3756 3763
3763 3770
3770 3777
3777 3784
3784 3791
3791 3798
3798 3805
3805 3812
3812 3819
3819 3826
3826 3833
3833 3840
3840 3847
3847 3854
3854 3861
3861 3868
3868 3875
3875 3882
3882 3889
3889 3896
3896 3903
3903 3910
3910 3917
3917 3924
3924 3931
3931 3938
3938 3945
3945 3952
3952 3959
3959 3966
3966 3973
3973 3980
3980 3987
3987 3994
3994 4001
4001 4008
4008 4015
4015 4022
4022 4029
4029 4036
4036 4043
4043 4050
4050 4057
4057 4064
4064 4071
4071 4078
4078 4085
4085 4092
4092 4099
4099 4106
4106 4113
4113 4120
4120 4127
4127 4134
4134 4141
4141 4148
4148 4155
4155 4162
4162 4169
4169 4176
4176 4183
4183 4190
4190 4197
4197 4204
4204 4211
4211 4218
4218 4225
4225 4232
4232 4239
4239 4246
4246 4253
4253 4260
4260 4267
4267 4274
4274 4281
4281 4288
4288 4295
4295 4302
4302 4309
4309 4316
4316 4323
4323 4330
4330 4337
4337 4344
4344 4351
4351 4358
4358 4365
4365 4372
4372 4379
4379 4386
4386 4393
4393 4400
4400 4407
4407 4414
4414 4421
4421 4428
4428 4435
4435 4442
4442 4449
4449 4456
4456 4463
4463 4470
4470 4477
4477 4484
4484 4491
4491 4498
4498 4505
4505 4512
4512 4519
4519 4526
4526 4533
4533 4540
4540 4547
4547 4554
4554 4561
4561 4568
4568 4575
4575 4582
4582 4589
4589 4596
4596 4603
4603 4610
4610 4617
4617 4624
4624 4631
4631 4638
4638 4645
4645 4652
4652 4659
4659 4666
4666 4673
4673 4680
4680 4687
4687 4694
4694 4701
4701 4708
4708 4715
4715 4722
4722 4729
4729 4736
4736 4743
4743 4750
4750 4757
4757 4764
4764 4771
4771 4778
4778 4785
4785 4792
4792 4799
4799 4806
4806 4813
4813 4820
4820 4827
4827 4834
4834 4841
4841 4848
4848 4855
4855 4862
4862 4869
4869 4876
4876 4883
4883 4890
4890 4897
4897 4904
4904 4911
4911 4918
4918 4925
4925 4932
4932 4939
4939 4946
4946 4953
4953 4960
4960 4967
4967 4974
4974 4981
4981 4988
4988 4995
4995 5002
5002 5009
5009 5016
5016 5023
5023 5030
5030 5037
5037 5044
5044 5051
5051 5058
5058 5065
5065 5072
5072 5079
5079 5086
5086 5093
5093 5100
5100 5107
5107 5114
5114 5121
5121 5128
5128 5135
5135 5142
5142 5149
5149 5156
5156 5163
5163 5170
5170 5177
5177 5184
5184 5191
5191 5198
5198 5205
5205 5212
5212 5219
5219 5226
5226 5233
5233 5240
5240 5247
5247 5254
5254 5261
5261 5268
5268 5275
5275 5282
5282 5289
5289 5296
5296 5303
5303 5310
5310 5317
5317 5324
5324 5331
5331 5338
5338 5345
5345 5352
5352 5359
5359 5366
5366 5373
5373 5380
5380 5387
5387 5394
5394 5401
5401 5408
5408 5415
5415 5422
5422 5429
5429 5436
5436 5443
5443 5450
5450 5457
5457 5464
5464 5471
5471 5478
5478 5485
5485 5492
5492 5499
5499 5506
5506 5513
5513 5520
5520 5527
5527 5534
5534 5541
5541 5548
5548 5555
5555 5562
5562 5569
5569 5576
5576 5583
5583 5590
5590 5597
5597 5604
5604 5611
5611 5618
5618 5625
5625 5632
5632 5639
5639 5646
5646 5653
5653 5660
5660 5667
5667 5674
5674 5681
5681 5688
5688 5695
5695 5702
5702 5709
5709 5716
5716 5723
5723 5730
5730 5737
5737 5744
5744 5751
5751 5758
5758 5765
5765 5772
5772 5779
5779 5786
5786 5793
5793 5800
5800 5807
5807 5814
5814 5821
5821 5828
5828 5835
5835 5842
5842 5849
5849 5856
5856 5863
5863 5870
5870 5877
5877 5884
5884 5891
5891 5898
5898 5905
5905 5912
5912 5919
5919 5926
5926 5933
5933 5940
5940 5947
5947 5954
5954 5961
5961 5968
5968 5975
5975 5982
5982 5989
5989 5996
5996 6003
6003 6010
6010 6017
6017 6024
6024 6031
6031 6038
6038 6045
6045 6052
6052 6059
6059 6066
6066 6073
6073 6080
6080 6087
6087 6094
6094 6101
6101 6108
6108 6115
6115 6122
6122 6129
6129 6136
6136 6143
6143 6150
6150 6157
6157 6164
6164 6171
6171 6178
6178 6185
6185 6192
6192 6199
6199 6206
6206 6213
6213 6220
6220 6227
6227 6234
6234 6241
6241 6248
6248 6255
6255 6262
6262 6269
6269 6276
6276 6283
6283 6290
6290 6297
6297 6304
6304 6311
6311 6318
6318 6325
6325 6332
6332 6339
6339 6346
6346 6353
6353 6360
6360 6367
6367 6374
6374 6381
6381 6388
6388 6395
6395 6402
6402 6409
6409 6416
6416 6423
6423 6430
6430 6437
6437 6444
6444 6451
6451 6458
6458 6465
6465 6472
6472 6479
6479 6486
6486 6493
6493 6500
6500 6507
6507 6514
6514 6521
6521 6528
6528 6535
6535 6542
6542 6549
6549 6556
6556 6563
6563 6570
6570 6577
6577 6584
6584 6591
6591 6598
6598 6605
6605 6612
6612 6619
6619 6626
6626 6633
6633 6640
6640 6647
6647 6654
6654 6661
6661 6668
6668 6675
6675 6682
6682 6689
6689 6696
6696 6703
6703 6710
6710 6717
6717 6724
6724 6731
6731 6738
6738 6745
6745 6752
6752 6759
6759 6766
6766 6773
6773 6780
6780 6787
6787 6794
6794 6801
6801 6808
6808 6815
6815 6822
6822 6829
6829 6836
6836 6843
6843 6850
6850 6857
6857 6864
6864 6871
6871 6878
6878 6885
6885 6892
6892 6899
6899 6906
6906 6913
6913 6920
6920 6927
6927 6934
6934 6941
6941 6948
6948 6955
6955 6962
6962 6969
6969 6976
6976 6983
6983 6990
6990 6997
6997 7004
7004 7011
7011 7018
7018 7025
7025 7032
7032 7039
7039 7046
7046 7053
7053 7060
7060 7067
7067 7074
7074 7081
7081 7088
7088 7095
7095 7102
7102 7109
7109 7116
7116 7123
7123 7130
7130 7137
7137 7144
7144 7151
7151 7158
7158 7165
7165 7172
7172 7179
7179 7186
7186 7193
7193 7200
7200 7207
7207 7214
7214 7221
7221 7228
7228 7235
7235 7242
7242 7249
7249 7256
7256 7263
7263 7270
7270 7277
7277 7284
7284 7291
7291 7298
7298 7305
7305 7312
7312 7319
7319 7326
7326 7333
7333 7340
7340 7347
7347 7354
7354 7361
7361 7368
7368 7375
7375 7382
7382 7389
7389 7396
7396 7403
7403 7410
7410 7417
7417 7424
7424 7431
7431 7438
7438 7445
7445 7452
7452 7459
7459 7466
7466 7473
7473 7480
7480 7487
7487 7494
7494 7501
7501 7508
7508 7515
7515 7522
7522 7529
7529 7536
7536 7543
7543 7550
7550 7557
7557 7564
7564 7571
7571 7578
7578 7585
7585 7592
7592 7599
7599 7606
7606 7613
7613 7620
7620 7627
7627 7634
7634 7641
7641 7648
7648 7655
7655 7662
7662 7669
7669 7676
7676 7683
7683 7690
7690 7697
7697 7704
7704 7711
7711 7718
7718 7725
7725 7732
7732 7739
7739 7746
7746 7753
7753 7760
7760 7767
7767 7774
7774 7781
7781 7788
7788 7795
7795 7802
7802 7809
7809 7816
7816 7823
7823 7830
7830 7837
7837 7844
7844 7851
7851 7858
7858 7865
7865 7872
7872 7879
7879 7886
7886 7893
7893 7900
7900 7907
7907 7914
7914 7921
7921 7928
7928 7935
7935 7942
7942 7949
7949 7956
7956 7963
7963 7970
7970 7977
7977 7984
7984 7991
7991 7998
7998 8005
8005 8012
8012 8019
8019 8026
8026 8033
8033 8040
8040 8047
8047 8054
8054 8061
8061 8068
8068 8075
8075 8082
8082 8089
8089 8096
8096 8103
8103 8110
8110 8117
8117 8124
8124 8131
8131 8138
8138 8145
8145 8152
8152 8159
8159 8166
8166 8173
8173 8180
8180 8187
8187 8194
8194 8201
8201 8208
8208 8215
8215 8222
8222 8229
8229 8236
8236 8243
8243 8250
8250 8257
8257 8264
8264 8271
8271 8278
8278 8285
8285 8292
8292 8299
8299 8306
8306 8313
8313 8320
8320 8327
8327 8334
8334 8341
8341 8348
8348 8355
8355 8362
8362 8369
8369 8376
8376 8383
8383 8390
8390 8397
8397 8404
8404 8411
8411 8418
8418 8425
8425 8432
8432 8439
8439 8446
8446 8453
8453 8460
8460 8467
8467 8474
8474 8481
8481 8488
8488 8495
8495 8502
8502 8509
8509 8516
8516 8523
8523 8530
8530 8537
8537 8544
8544 8551
8551 8558
8558 8565
8565 8572
8572 8579
8579 8586
8586 8593
8593 8600
8600 8607
8607 8614
8614 8621
8621 8628
8628 8635
8635 8642
8642 8649
8649 8656
8656 8663
8663 8670
8670 8677
8677 8684
8684 8691
8691 8698
8698 8705
8705 8712
8712 8719
8719 8726
8726 8733
8733 8740
8740 8747
8747 8754
8754 8761
8761 8768
8768 8775
8775 8782
8782 8789
8789 8796
8796 8803
8803 8810
8810 8817
8817 8824
8824 8831
8831 8838
8838 8845
8845 8852
8852 8859
8859 8866
8866 8873
8873 8880
8880 8887
8887 8894
8894 8901
8901 8908
8908 8915
8915 8922
8922 8929
8929 8936
8936 8943
8943 8950
8950 8957
8957 8964
8964 8971
8971 8978
8978 8985
8985 8992
8992 8999
8999 9006
9006 9013
9013 9020
9020 9027
9027 9034
9034 9041
9041 9048
9048 9055
9055 9062
9062 9069
9069 9076
9076 9083
9083 9090
9090 9097
9097 9104
9104 9111
9111 9118
9118 9125
9125 9132
9132 9139
9139 9146
9146 9153
9153 9160
9160 9167
9167 9174
9174 9181
9181 9188
9188 9195
9195 9202
9202 9209
9209 9216
9216 9223
9223 9230
9230 9237
9237 9244
9244 9251
9251 9258
9258 9265
9265 9272
9272 9279
9279 9286
9286 9293
9293 9300
9300 9307
9307 9314
9314 9321
9321 9328
9328 9335
9335 9342
9342 9349
9349 9356
9356 9363
9363 9370
9370 9377
9377 9384
9384 9391
9391 9398
9398 9405
9405 9412
9412 9419
9419 9426
9426 9433
9433 9440
9440 9447
9447 9454
9454 9461
9461 9468
9468 9475
9475 9482
9482 9489
9489 9496
9496 9503
9503 9510
9510 9517
9517 9524
9524 9531
9531 9538
9538 9545
9545 9552
9552 9559
9559 9566
9566 9573
9573 9580
9580 9587
9587 9594
9594 9601
9601 9608
9608 9615
9615 9622
9622 9629
9629 9636
9636 9643
9643 9650
9650 9657
9657 9664
9664 9671
9671 9678
9678 9685
9685 9692
9692 9699
9699 9706
9706 9713
9713 9720
9720 9727
9727 9734
9734 9741
9741 9748
9748 9755
9755 9762
9762 9769
9769 9776
9776 9783
9783 9790
9790 9797
9797 9804
9804 9811
9811 9818
9818 9825
9825 9832
9832 9839
9839 9846
9846 9853
9853 9860
9860 9867
9867 9874
9874 9881
9881 9888
9888 9895
9895 9902
9902 9909
9909 9916
9916 9923
9923 9930
9930 9937
9937 9944
9944 9951
9951 9958
9958 9965
9965 9972
9972 9979
9979 9986
9986 9993
0 0
