14044668850281908 413715569939057660
42134006550845724 28089337700563816
98312681951973356 56178675401127632
77446399057970036 112357350802255264
35713833269963396 91491067908251944
85472335390208700 49758502120245304
51765705934440724 99517004240490608
117576080719163356 65810374784722632
115973196592350036 131620749569445264
112767428338723396 130017865442631944
106355891831470116 126812097189005304
93532818816963556 120400560681752024
67886672787950436 107577487667245464
16594380729924196 81931341638232344
47233430310130300 30639049580206104
108511529470542508 61278099160412208
97844094095108340 122556198320824416
76509223344240004 111888762945390248
33839481842503332 90553892194521912
81723632535288572 47884150692785240
44268300224600468 95768301385570480
102581269299482844 58312969074882376
85983573752989012 116625938149764752
52788182660001348 100028242603270920
119621034170284604 66832851510283256
120063103494592532 442069324307928
120947242143208388 884138648615856
122715519440440100 1768277297231712
126252074034903524 3536554594463424
101549527571788 7073109188926848
14247767905425484 14146218377853696
42540204661132876 28292436755707392
99125078172547660 56584873511414784
79071191499118644 113169747022829568
38963418152260612 93115860349400552
91971505154803132 53008087002542520
64764045463629588 106016174005085040
10349126081282500 78808714313911496
34742921012846908 24393794931564408
83530510875975724 48787589863128816
47882056905974772 97575179726257632
109808782662231452 61926725756256680
100438600478486228 123853451512513360
81698236110995780 114483269328768136
44217507376014884 95742904961277688
102479683602311676 58262176226296792
85780402358646676 116524352452593584
52381839871316676 99825071208928584
118808348592915260 66426508721598584
118437732339853844 132853017443197168
117696499833731012 132482401190135752
116214034821485348 131741168684012920
113249104796994020 130258703671767256
107319244748011364 127293773647275928
95459524650046052 121363913598293272
71740084454115428 109504193500327960
24301204062254180 85784753304397336
62647076974790268 38345872912536088
62647076974790268
19308689043391716
