14044668850281908 413715569939057660
126402019652537172 112357350802255264
42936888076523892 49758502120245304
9230258620755916 99517004240490608
75040633405478548 65810374784722632
73437749278665228 131620749569445264
70231981025038588 130017865442631944
63820444517785308 126812097189005304
50997371503278748 120400560681752024
25351225474265628 107577487667245464
107282567112497972 81931341638232344
85947696361629636 111888762945390248
43277954859892964 90553892194521912
91162105552678204 47884150692785240
16251440931301996 58312969074882376
116279683534572916 100028242603270920
116721752858880844 442069324307928
117605891507496700 884138648615856
119374168804728412 1768277297231712
122910723399191836 3536554594463424
129983832588118684 7073109188926848
10906417269713796 14146218377853696
67491290781128580 56584873511414784
47437404107699564 113169747022829568
7329630760841532 93115860349400552
60337717763384052 53008087002542520
33130258072210508 106016174005085040
111938972386122004 78808714313911496
76290518416121052 97575179726257632
4993610476119148 61926725756256680
100736515437396836 95742904961277688
84037234193731836 116524352452593584
50638671706401836 99825071208928584
49156206694156172 131741168684012920
46191276669664844 130258703671767256
40261416620682188 127293773647275928
28401696522716876 121363913598293272
114186449827114212 85784753304397336
19308689043391716 38345872912536088
19308689043391716
